2.5 0
2.49691342955498 -0.053173522479975
2.48828263839422 -0.1031564384654835
2.47306090032224 -0.155213849845513
2.45263816242311 -0.2036568489986085
2.4278697521697348 -0.24809039855404902
2.396486888050775 -0.2922340012268275
2.36046892003165 -0.3325903069876295
2.32033961488968 -0.36881431765276196
2.27667256575393 -0.4006271503074955
2.23005239565504 -0.427851358661942
2.181059682669805 -0.45040884725371255
2.1302582691450853 -0.46831683020518355
2.078185096262735 -0.481682578596621
2.0253423662262398 -0.49069748715207745
1.972662470644045 -0.4956039066390975
1.920942640037125 -0.49683827665804703
1.87045732661452 -0.4949359299356555
1.8173792317361852 -0.48994681183200645
1.7661253619057302 -0.48253868407827155
1.716765009114735 -0.473312613627359
1.665727571204555 -0.46197092125682904
1.6168260592908499 -0.4497616964323245
1.56667204528973 -0.43630872482023053
1.51552653858844 -0.42212223084525646
1.46655984057086 -0.408616818016284
1.416618024657435 -0.3954754554584795
1.365719175937925 -0.3833384376939175
1.31646293450174 -0.3733870937089035
1.26577456784485 -0.3655996739291615
1.215820351826115 -0.3609732031468915
1.165678532445055 -0.360020868064004
1.1133995115477 -0.3637507255720625
1.0634614770211501 -0.372734438268139
1.0156396593617951 -0.3874356034799195
0.970092697580705 -0.4084979743253655
0.92687305190149 -0.43711874063942746
0.88980551941409 -0.47161061579712804
0.858708178453185 -0.51257948387844
0.83519131544282 -0.55864340634568
0.82022502098723 -0.607414733945095
0.8134431136348599 -0.65932797777438
0.8149049262458851 -0.71154801424308
0.82371440159451 -0.7627456325666999
0.83837256862333 -0.811071360563985
0.858284453618585 -0.8579936476379549
0.8825877171639449 -0.903216324168725
0.9112668713272649 -0.947864078865545
0.942262931157075 -0.9899921435668301
0.974915127220315 -1.0301405704939302
1.00855276350738 -1.0686569785193352
1.0424904018792651 -1.105762022227635
1.079204413298565 -1.1449267031214299
1.115247479823325 -1.18324616843551
1.149406997964985 -1.22016624367191
1.1842135036062449 -1.25911608733386
1.219045270453785 -1.300265937174345
1.252966036277175 -1.343430142277795
1.282142683717965 -1.3840357324309749
1.3095164940656 -1.4262798762611602
1.334601051186525 -1.470066674384065
1.3569476602528299 -1.515233713012225
1.376161710663605 -1.561557089292735
1.39343888993352 -1.614043876413805
1.40609858260442 -1.6671673956032549
1.413912235942835 -1.72042878503105
1.416770430303835 -1.773294873060225
1.4146815762953149 -1.825217366606355
1.407767671181475 -1.875652600397195
1.394864972825515 -1.9287947928823002
1.37683996792308 -1.978879292876885
1.354249841692885 -2.025364320978635
1.327716197837275 -2.067860312273705
1.29416376150594 -2.110360148585675
1.255903853659325 -2.1487116624293447
1.213412236646945 -2.182344083163875
1.16725396474067 -2.2107575853939347
1.11806827669167 -2.23354023080261
1.06654988941859 -2.25038127189095
1.013427755552325 -2.2610799451041403
0.95944257602553 -2.265549272299065
0.905324433970015 -2.263814834999075
0.8517718315374101 -2.256008922716015
0.799433187489845 -2.2423608264236803
0.748891531999355 -2.22318430772551
0.700652768709145 -2.19886340061387
0.65513751606937 -2.1698376929941903
0.612676236827485 -2.136588100299205
0.573507152781365 -2.099623900459305
0.53777634878561 -2.059471465569435
0.50554309790735 -2.016669884945085
0.47705205204533296 -1.97222226808152
0.452225999493419 -1.926966394999635
0.430715063871688 -1.8813867790227552
0.4107119160122715 -1.8321155563803402
0.393653669120345 -1.783367120483985
0.3790414399454565 -1.7354747278399951
0.365489151615239 -1.685141542770075
0.3536538732204475 -1.636309809249655
0.3423003661195445 -1.585809351269185
0.33109596239101047 -1.53410386476108
0.3202641033958005 -1.48464236038704
0.30862088468293897 -1.43449153347803
0.29560759086960703 -1.38396073790779
0.281393135508958 -1.33588743323271
0.26455742920749004 -1.2875434572330549
0.24522229917696 -1.241293209838285
0.22247563123237302 -1.196538557160155
0.1944063065682605 -1.15193861105693
0.162928520938637 -1.11219104402051
0.1255007709543835 -1.075421344898335
0.0842402206098645 -1.045003730426155
0.03919761511847305 -1.02145296255307
-0.0086386298934244 -1.005701136891175
-0.0596078786103945 -0.998222601237525
-0.11055963904274599 -0.999773842825315
-0.16130379668797198 -1.01028609254365
-0.2092045296902895 -1.02891238437816
-0.2528088935961975 -1.054068920355365
-0.2939375524153825 -1.086141008657225
-0.32984823582263 -1.12209779989254
-0.36130093162531496 -1.161032303194765
-0.39028658345120204 -1.20444509405801
-0.41514403474072453 -1.248607929783185
-0.43752880853160797 -1.294740818292205
-0.458225041761778 -1.343221473780305
-0.4765569245860255 -1.39073197328423
-0.4944292158233525 -1.44044491319879
-0.511060361740625 -1.48849890652183
-0.528185203818055 -1.5382001533038951
-0.546286276300365 -1.5892654285603949
-0.564288326543985 -1.637252592566065
-0.583916822005685 -1.6856153224249097
-0.605502957933435 -1.7338377432441248
-0.629305551413895 -1.7813418666118
-0.65548562668444 -1.827519993897725
-0.68414469794795 -1.871850564181025
-0.715766404586585 -1.91444239590199
-0.75054820291401 -1.954911133790575
-0.78851752209035 -1.9927195041419499
-0.8296170940249199 -2.027334418038635
-0.87370218437898 -2.058235365172885
-0.9205391194307501 -2.084923241253335
-0.96980529056358 -2.106930341887425
-1.02109107169575 -2.123831812220615
-1.07390419673886 -2.1352583860327448
-1.127677114124905 -2.1409098534716398
-1.18177768038574 -2.14056839443893
-1.2355232988590301 -2.134110720621475
-1.2881982836978951 -2.121517896236515
-1.3390738730751202 -2.102881766578105
-1.38742997700301 -2.078407117144955
-1.432577476520295 -2.0484090019027947
-1.473879739604815 -2.01330508493772
-1.510772017534695 -1.97360328503424
-1.54277754257993 -1.92988543636225
-1.567832170900515 -1.88616691878524
-1.588698863948005 -1.8384993208518199
-1.6047115972946 -1.78734634974164
-1.61527427893632 -1.7334624846473852
-1.61994459684333 -1.6791196478657249
-1.6189962805576201 -1.6253835251616848
-1.6128821830968998 -1.57282943506133
-1.6021097891159548 -1.521913118898135
-1.58721570529114 -1.472975658203525
-1.5687450103264 -1.426252708008695
-1.54514732006949 -1.37797238457409
-1.518603931580095 -1.3325699372627748
-1.4897461821299651 -1.2900254160268552
-1.4591567769412601 -1.25024269351215
-1.424675664355285 -1.210080625310005
-1.389376972520225 -1.17272434820631
-1.351036428807345 -1.135297735402845
-1.3128796435746302 -1.100397778242595
-1.272691308362225 -1.065360066875515
-1.23362116454778 -1.03229749256083
-1.1935172400471 -0.998709664157135
-1.155280947738695 -0.966375288379845
-1.116879958762975 -0.9329004529265349
-1.07883474237275 -0.8979251731959099
-1.04164959038579 -0.8609540846052701
-1.007515791488445 -0.823297111591
-0.97637834998798 -0.78416344689393
-0.9481043529375499 -0.7422786034916
-0.9235750786844299 -0.697299750180755
-0.9045533520442 -0.650945940211935
-0.89111578128414 -0.60102899353313
-0.88501906895929 -0.5503844811321901
-0.88691377926331 -0.4990527558221035
-0.89748300772089 -0.448414507364811
-0.915988432253795 -0.40195118810793096
-0.9432088975129951 -0.35792599290449
-0.9769737003905149 -0.3198897002435305
-1.01634099423672 -0.2878560437810795
-1.060919842686025 -0.261592307352814
-1.107165511859105 -0.2421834823445795
-1.1570291858119899 -0.22794511362478098
-1.207630360781885 -0.21905872536280602
-1.258818334984875 -0.214643300424915
-1.31167800461175 -0.21397834893184448
-1.36444833859386 -0.21645444591709148
-1.41461220743142 -0.2210487615947875
-1.465922710639145 -0.2273830173369585
-1.51873158098617 -0.23500050017625398
-1.569615390568705 -0.2428160576014145
-1.62220816951024 -0.25081605868441603
-1.6726562560404648 -0.2579152401203485
-1.7246620725042248 -0.2641676228764505
-1.77814878605609 -0.269003183912498
-1.82869258602162 -0.271686570253234
-1.8801546680600851 -0.272164058045405
-1.932267117220815 -0.2699645294000425
-1.98470151359696 -0.264648149247882
-2.03707567427564 -0.2558227445010395
-2.088960503229565 -0.2431568296713665
-2.13988631251448 -0.226389497387789
-2.18934877333044 -0.205338000529698
-2.236815173509185 -0.17990390353518398
-2.281731809445795 -0.150078356430831
-2.32353320567111 -0.1159465879017475
-2.3616535600446897 -0.0776912995241615
-2.3955404555031548 -0.0355943591914332
-2.4247797658516097 0.010157728418608899
-2.447543820284785 0.056114715077784504
-2.465727104078805 0.10584157022771801
-2.478494779075755 0.158909516834961
-2.4847278969317097 0.209545809958412
-2.485276532960675 0.261860050712858
-2.480168342591105 0.314763453017036
-2.47010034659103 0.3665521424924515
-2.45507254230562 0.4174224492217885
-2.4357243374289053 0.465714275319493
-2.412578545981985 0.51107076640365
-2.383371630531765 0.557306588720095
-2.350925641307695 0.599557445582045
-2.315914037644745 0.63778850254542
-2.27895466666428 0.672071392849245
-2.236644904048485 0.70545128642112
-2.192312720399725 0.735108891419635
-2.146436498388535 0.76115089510022
-2.099448374126685 0.783753514278005
-2.0517257110089853 0.803149911351505
-2.00358639691027 0.81961701820375
-1.955286421086485 0.83346321475892
-1.903002725838795 0.845887377737605
-1.8509184897885198 0.85605449102913
-1.7991085192682799 0.8644026818725701
-1.7475561201130698 0.871369524717965
-1.696141418818975 0.8773916776949349
-1.644612665811355 0.882912744089715
-1.59251751931491 0.88840593666836
-1.539024077452715 0.89443148698269
-1.48689040518659 0.9011647373767451
-1.43414695339934 0.9093528729625101
-1.38212644782876 0.9193105854695551
-1.3329726687434549 0.93094059410692
-1.2843094406106101 0.9450949758937799
-1.23515012596252 0.9626386150561601
-1.186979211588835 0.983652838395065
-1.1411490147891699 1.007893517798945
-1.09682597531258 1.036131546111625
-1.055665137997895 1.067548215899425
-1.01703775933793 1.102721196998525
-0.9823900287778701 1.140234623128755
-0.95114344514117 1.180340846147005
-0.922829577390145 1.223485499749195
-0.8969995678561651 1.2704988561462849
-0.87485342820697 1.318864470309125
-0.85615962793342 1.36780219711402
-0.8397819277467651 1.4192027811705
-0.82644208428077 1.46907380290428
-0.81438256678109 1.522141100433815
-0.804231847756685 1.573611580204745
-0.794538924144785 1.628297085397035
-0.785440613497985 1.6827676348022251
-0.77648249863814 1.73647305545776
-0.7670745580639949 1.789944088023115
-0.756691028703865 1.8434341803106
-0.74486528382849 1.896890650468195
-0.731223231689085 1.94993804768531
-0.715331136210585 2.00255468213403
-0.69677442355939 2.054635609704035
-0.67747611769721 2.10088382486367
-0.6554516240260251 2.146324159826145
-0.63047572018406 2.19069323081802
-0.6023602877636149 2.23367832119561
-0.570961802202895 2.274921734999865
-0.53623529947753 2.31397802839105
-0.498460075395037 2.35016493758972
-0.4578712284833585 2.38302921330932
-0.414755424701278 2.41219171868415
-0.369473993062511 2.43732637771881
-0.322450627992729 2.45817498891162
-0.27415540233632496 2.474558836694155
-0.22508614340146602 2.486386068602055
-0.1702717195753745 2.49418319546321
-0.11580099935476651 2.4964756767749803
-0.062301627082924006 2.4935049074025097
-0.01032954892157445 2.485612585849055
0.03964775396967115 2.473217023510855
0.087260272923148 2.456787755914965
0.1365824438919035 2.43464896392998
0.18248947892182601 2.408895012373155
0.2248780572821715 2.380168784124175
0.2671951829091655 2.346071423998395
0.3060944174686955 2.30916054234573
0.341699532804759 2.26982778805084
0.3740670959209055 2.22854869368966
0.403325717523201 2.1857599439882702
0.42966401770553897 2.141850933411495
0.453318645516888 2.097157993319965
0.476233882288283 2.04817886856385
0.496703756150632 1.998884160606385
0.51513650027366 1.9494674806059098
0.53195813860699 1.900035214777595
0.547610652598735 1.85059876836252
0.562558880300895 1.8010565277957649
0.57731292501193 1.7511518550703649
0.59248470602183 1.70036961255381
0.607602840193965 1.6518074209995248
0.62348067184147 1.6041381036793052
0.6421459711829199 1.55315676267948
0.66184027499996 1.50525959402968
0.684736594851425 1.456428662559805
0.71000345404299 1.40978123837666
0.73756696847048 1.36596234696775
0.7673745554467201 1.32525705049901
0.80031051168678 1.2867628119548449
0.8372432136033 1.2501134680224
0.877032283459245 1.216874153310145
0.918039794789365 1.188174664287275
0.9631412500899099 1.1620187627395
1.0106459898855 1.139613335727595
1.0579530971833901 1.1217451595534749
1.108720052211015 1.1067728495637301
1.158773323344285 1.0956488070138
1.21101447756841 1.08730314495235
1.260912307238225 1.081942776375165
1.313334859107755 1.078556880147235
1.363685314723035 1.077012013504585
1.41705546349146 1.0767112698628
1.467374518970375 1.0772419122159
1.522376624040155 1.078227557404
1.576751000982255 1.079118533716615
1.6310580150858498 1.079435868510515
1.685604463008135 1.0787084833006
1.740530367415285 1.0764597488562049
1.7958485981405201 1.07220753645429
1.8458923924310302 1.06627086315615
1.896034753402295 1.057983447745605
1.94606942673289 1.0470268336299902
1.995729282998925 1.03311503263122
2.0446913014862598 1.01600694858415
2.09258375008028 0.99551869640167
2.138995925029705 0.9715349765171301
2.18349054108712 0.9440186293686
2.225618572462545 0.9130174935303801
2.26493603089815 0.878667752786435
2.30102184812718 0.8411931126818499
2.3334957490027053 0.8008994162819449
2.36203481644019 0.758164688369415
2.386387416620735 0.71342505064813
2.4063833082567703 0.66715740992357
2.423392786950195 0.6145632309826901
2.434934492474115 0.5613828752301899
2.44114513333632 0.508272792725315
2.4422710464183703 0.45583447870577
2.438647472365445 0.4045944747837315
2.430675040533895 0.3549917302592035
2.417410838720965 0.302729796705061
2.4000340769317647 0.253197307986185
2.37915674734875 0.20660048612646448
2.35299336252816 0.159088210055777
2.323463941613745 0.1143887830284445
2.2909998383254147 0.072495175779218
2.2560771292731547 0.0334304740859907
2.21914567860401 -0.00285921993820125
2.18061890960262 -0.03649441046489735
2.14086617762618 -0.067651476988418
2.09678691086014 -0.098866806161144
2.05197899830118 -0.12776482802663
2.006700094384325 -0.1547148787332315
1.9611248018373602 -0.180119306719083
1.915336246714805 -0.204413778624565
1.8693084435716698 -0.2280785501438805
1.8228662247059748 -0.2516706064869245
1.77558581682412 -0.27590436393009654
1.730382243522645 -0.2997814878696845
1.6859600965568649 -0.324436726288616
1.63938540065827 -0.352177255169497
1.596195190505205 -0.3802984872282295
1.5528357632062249 -0.41165121734916854
1.5124055692540401 -0.444617583846287
1.474776337338515 -0.47959772370693
1.4404893577023101 -0.516308024496145
1.40888669215545 -0.555747934823795
1.379795098150125 -0.59883135539329
1.354553502927675 -0.64414874442752
1.33397977156246 -0.689880076278465
1.31665672389127 -0.739239617042015
1.30346483710087 -0.790357923726965
1.294703469323 -0.8405451051724351
1.289452742489765 -0.893794353297725
1.2878927513519351 -0.9453522467839701
1.2894588089003052 -0.9983741166909
1.29349904526695 -1.048603226705705
1.2999301854647751 -1.10101929388138
1.307762449857325 -1.1510963364881301
1.317346876058515 -1.203967512548795
1.32708124500232 -1.2533735133048052
1.338035004930965 -1.30717065013346
1.34874245816422 -1.360457253317045
1.35882989496303 -1.413834914520185
1.367885669848945 -1.4676700475864701
1.37546287221708 -1.522171554256095
1.3810871666236 -1.5774270943841349
1.38407404546123 -1.62778738206068
1.384722967421475 -1.6786572193362599
1.38268521304217 -1.729883379254795
1.37763452278223 -1.78124710842317
1.36928029396058 -1.832467004946995
1.357380984692715 -1.8832041524888852
1.341756953253745 -1.933069988441165
1.322301879775025 -1.9816371205583452
1.29899186887828 -2.028453017149115
1.27189134490395 -2.0730561718619
1.24115495963278 -2.11499400166562
1.20702496190833 -2.1538414172434353
1.169823832689455 -2.18921876769291
1.12994243782758 -2.22080776768178
1.087824430214475 -2.24836410915217
1.041144488545795 -2.2729224926931897
0.9901878055562949 -2.29269205760225
0.9384948174976101 -2.3060391853354703
0.88699614417494 -2.3132318347701153
0.836503700569545 -2.314692244748585
0.782391285214145 -2.3102427465691497
0.731048072571135 -2.3002015019020297
0.6826612041457449 -2.285323682953135
0.6321729088513 -2.2637652064433498
0.5849192922675049 -2.237380539453615
0.541227380886885 -2.20685182762991
0.501286499954415 -2.172858090013345
0.46516431414553494 -2.136052633164795
0.4328250214950035 -2.097047218201785
0.401716377154992 -2.05264360669121
0.374717505548462 -2.006937509425115
0.351510529800737 -1.96049576841058
0.3317287358581995 -1.9138031433292848
0.313703349400984 -1.863405576742835
0.2987108755815385 -1.8136078592099998
0.286231956082665 -1.76473572184758
0.2750305009749245 -1.7134151572127951
0.2655799581166335 -1.663654750702485
0.25679711637958297 -1.61221053742637
0.24884384858906147 -1.562765180351845
0.24072094954830797 -1.512224007500765
0.2319481416604885 -1.460941381859965
0.221950997525613 -1.4092120316369399
0.2107255835065715 -1.35992315210124
0.197029559566983 -1.31026276823815
0.180864151479071 -1.2626558702076651
0.1614385415080505 -1.216527596056525
0.1372447814902415 -1.170711014895915
0.1091102885474545 -1.12863131767884
0.076193454540217 -1.090152850052105
0.03778324655290855 -1.055919311560335
-0.0049724355119124 -1.0280650327078151
-0.051663912552134504 -1.00749419548634
-0.101536489191734 -0.9951233130816499
-0.1526685375653645 -0.99169655024281
-0.20243378711714102 -0.9969713450697901
-0.251783909382915 -1.01071249439741
-0.299127382039884 -1.03241677374855
-0.342218411107149 -1.0602877527084549
-0.3823176433685685 -1.09426555386046
-0.417997702235787 -1.132189341112885
-0.4494236673933165 -1.172692327147985
-0.47831204479557804 -1.216767787271425
-0.5030557513941549 -1.26037698503517
-0.5264397020395151 -1.306844019010385
-0.547288777912365 -1.35242055067557
-0.56789104027756 -1.400650035011805
-0.586994990478365 -1.447197331385425
-0.6067810651430949 -1.495918608898735
-0.6277850203142 -1.54667066005479
-0.6484471607732101 -1.594357875000245
-0.67112025800786 -1.6432234251289848
-0.69368282353091 -1.68788489507089
-0.71869282231813 -1.7328129099626501
-0.7465251210577251 -1.77756093709637
-0.777519346175495 -1.8216059071337898
-0.811957787943785 -1.864353155038745
-0.85004259276672 -1.905144854904775
-0.88686653379524 -1.93904233102831
-0.930650730672545 -1.97323807827476
-0.976897674410495 -2.00307285818478
-1.02567929633712 -2.02836554581611
-1.077041382563475 -2.048818931685985
-1.13101805403923 -2.064016190946095
-1.18122669996269 -2.072662360903485
-1.23326345140199 -2.076182586604855
-1.2854039266692001 -2.074141157070235
-1.33677207744029 -2.06649965978076
-1.3866355372015549 -2.053380448467765
-1.43428920230095 -2.035048137516465
-1.479089192494575 -2.01189930014043
-1.52539412968292 -1.98073656750867
-1.566777115962685 -1.94497398471797
-1.6028285352861 -1.90553984679328
-1.63334591313594 -1.86338276103107
-1.6583192745407551 -1.819419581621825
-1.679758394694985 -1.7694767678947698
-1.6949460334309152 -1.719355197333795
-1.70445765838307 -1.6696031818344899
-1.709038854795655 -1.614876960265475
-1.70783236258677 -1.560749204220395
-1.70128764484466 -1.507830079460555
-1.689916272914875 -1.4566064238882102
-1.6742643500264052 -1.40744526811746
-1.654889897190565 -1.360602463417015
-1.6301572073507198 -1.312326625313795
-1.6023425490024699 -1.26708074532516
-1.57209665301337 -1.22484956887936
-1.54002051863583 -1.185535952849985
-1.5038371631708751 -1.146051143591065
-1.46676014888929 -1.109536012074205
-1.42932136727675 -1.0756832777635101
-1.38911133941849 -1.041825076271635
-1.34945867686347 -1.010251238194705
-1.30799700527686 -0.97849029488584
-1.2679129054171798 -0.94840278082191
-1.226932292280325 -0.91766169717345
-1.185593365120635 -0.88600760382032
-1.14442544144914 -0.8530698989024449
-1.10598887875934 -0.82018975344983
-1.0683720472713 -0.78495953178321
-1.033723733401205 -0.74851153883189
-1.001904852517365 -0.709885020415675
-0.9725900385064801 -0.6672264879663851
-0.9483847032280901 -0.62280430935949
-0.9295407897587349 -0.575735858064865
-0.9170014736612251 -0.52571624548073
-0.9121546966514049 -0.4748032989358455
-0.9156047818128 -0.4238662666505645
-0.927791365401515 -0.3739497076335895
-0.948469214506065 -0.327094761798356
-0.9775291583592549 -0.2838398173645305
-1.013091149179715 -0.246519028210558
-1.0545386210482302 -0.2149358212543025
-1.099497789495735 -0.18995001809110298
-1.148521428215205 -0.170445189805502
-1.199035627505835 -0.1566853282619175
-1.24973816746754 -0.1479182024162355
-1.30225564649538 -0.14306527797114849
-1.352462683516575 -0.141621797349921
-1.404590234642015 -0.1426904196983915
-1.454758502167815 -0.145557248079232
-1.50717507006472 -0.1498536915931445
-1.55740541277346 -0.1546602321018885
-1.6098866807448702 -0.15984344469224301
-1.664738206144665 -0.16485517046585502
-1.7167048276669798 -0.1687045595478335
-1.77064606362032 -0.1712784265122875
-1.8207920974135798 -0.1719619509438535
-1.87229889186658 -0.1705612861082405
-1.924939383001305 -0.16653568419874049
-1.978401803468045 -0.159341585628697
-2.03228396946582 -0.1484546852527855
-2.086090369424725 -0.1333941901893675
-2.13309620934604 -0.11628473269034001
-2.18353109908649 -0.093127436052655
-2.231247694380515 -0.0657493352636685
-2.276109546236805 -0.034000273514463754
-2.31786615938264 0.00230158061216601
-2.3561553748492203 0.04338512681100445
-2.386888352551765 0.0841644998371415
-2.4138386817907103 0.1288764132187225
-2.43584578657323 0.17617015384783
-2.452511147840135 0.225327239104399
-2.4636139372535752 0.275637458852321
-2.4690729185059803 0.32635148873847053
-2.46895224663814 0.3767159574659465
-2.462407363212515 0.43206156728573647
-2.4495447455428847 0.48512396643437256
-2.4310062329170647 0.53512141910337
-2.407543883406825 0.58144761662584
-2.37996716313969 0.6236815400888001
-2.345495358956605 0.665519579382345
-2.30802895603772 0.701908221580505
-2.268255029955895 0.733152762158065
-2.221790540313895 0.76233522758898
-2.1732118459581953 0.78612043557431
-2.123263442619405 0.8046301885578799
-2.07260872400941 0.8180969520363851
-2.02182075633683 0.826837893164335
-1.971379766919545 0.831231025861395
-1.9172046959003448 0.831556833109025
-1.8642963552244052 0.82777902383383
-1.8129381391475552 0.82048069215126
-1.763318626840395 0.8102381297693351
-1.7116490513099252 0.79646358657559
-1.6621920119412699 0.7805507909263001
-1.61491954066651 0.763110268947515
-1.5663543187135551 0.74324610164171
-1.520060935564985 0.722839824269305
-1.47275565646594 0.70094467971133
-1.427559497332255 0.67951125113723
-1.3813590142712049 0.657609542863695
-1.33417266709366 0.635835190540755
-1.28591649386828 0.614827513170325
-1.23896470001337 0.59622080044277
-1.190295745268625 0.5794489339016
-1.141903448381395 0.565881604122005
-1.092855575538155 0.555847865455445
-1.041298077023225 0.549940071306505
-0.9906446155863 0.5494293742095799
-0.940401675679525 0.5549048193609399
-0.890652323988945 0.567274440789445
-0.84369194064614 0.5867973663170251
-0.80040260112627 0.613712322261355
-0.7620463402205899 0.6479085271212399
-0.730339345954385 0.68823205536032
-0.706578051658165 0.732392981004365
-0.6900442600174 0.781084356791615
-0.6812812689648651 0.832442739052245
-0.67999920283153 0.8838157968679999
-0.68545383476854 0.93621349642222
-0.696677413809765 0.98723516075134
-0.71241869193897 1.036143406660065
-0.732497873626695 1.084894350828005
-0.75452728090349 1.1299944246870202
-0.779677256073665 1.1756119333809552
-0.805515441123765 1.21864945768372
-0.83367126931289 1.26300125676416
-0.8612720888135501 1.30517469524261
-0.89026379284513 1.349155642341155
-0.9202200349556049 1.3953047723863699
-0.9478201767543901 1.43943970604049
-0.975227357678125 1.48590945020227
-0.9992096011194199 1.52990310093885
-1.02199850563668 1.5760687945103
-1.0430113469470998 1.62445941726715
-1.0616230012300751 1.675054700715505
-1.0771827028103451 1.727745858846675
-1.089034060942155 1.78232165811852
-1.095910445338295 1.8318812204885149
-1.099054308133645 1.887312042554235
-1.097202015017065 1.9423024240633802
-1.090159683325555 1.99680448999082
-1.07765241915531 2.0506837476806803
-1.05931236330681 2.1037286203174803
-1.03771724474887 2.14994975767646
-1.0108730564483 2.194702015384305
-0.9794199517276001 2.236324522141655
-0.9438141237137099 2.274107471316865
-0.904577320730405 2.3075215006656853
-0.86233177585536 2.33614167687495
-0.8177721114944999 2.3596692323871347
-0.767612963416335 2.3794334307293203
-0.71526832926407 2.39422352863474
-0.66266858041664 2.4036928556036
-0.61042827181718 2.408051410237325
-0.55909238360741 2.40760216446549
-0.50912239175997 2.40271835180731
-0.45617327945136343 2.392726398342635
-0.4056915021160125 2.3784695146252597
-0.3579192741012725 2.36054506358057
-0.308890273961801 2.33740542391811
-0.262444852324963 2.31073190990449
-0.218613407759773 2.28096016071683
-0.177447718325192 2.2485635108931
-0.1389212503482715 2.213993807142325
-0.1029388809427085 2.17767059461281
-0.0693471216753505 2.13997287004008
-0.0354185919941618 2.09796684784198
-0.003749337976345335 2.055091680165745
0.0260134831469371 2.01162668223566
0.054260906416553 1.9677702954746
0.0814231672312675 1.9236316108342
0.107982366023251 1.87921326060668
0.13450770652296049 1.8343729028104199
0.1617439433238685 1.788727495165125
0.188514909273675 1.74511189320114
0.2160601772454005 1.7022753014328298
0.24674215206667052 1.6576381391502248
0.2775830453659155 1.6164168356918398
0.3116317014182155 1.5752769325007852
0.347041489358454 1.53721975759867
0.3843408381716965 1.5020112379760602
0.42317142628816706 1.470225377030745
0.4645659071829935 1.4412825304151051
0.509445644392855 1.415074535483875
0.55631720082796 1.3928482877848751
0.60331094727279 1.37530378137153
0.6537301374287751 1.361238906757785
0.70565546865788 1.3514124993706
0.75638609500018 1.3459501227195552
0.809987261929505 1.34419870492124
0.86159419083077 1.346024997664655
0.9144258527944951 1.351061857766115
0.9643236183339801 1.358381616626475
1.016263492873295 1.3682274304479098
1.0657869101704152 1.379314853230035
1.1179970762367248 1.392327708463435
1.16666466644727 1.4052363197695699
1.21961904050152 1.4196294406569199
1.272098876593395 1.433737437373005
1.3247212315442949 1.4472247049854399
1.377874023143515 1.45970290471102
1.4317914047348999 1.470738540747375
1.48658886006579 1.4798631912169848
1.53666879495362 1.48603579666637
1.58740563548149 1.489899067554255
1.63866722558461 1.4910953872769102
1.69025459882386 1.4892856558058851
1.7419040454790402 1.48416266348522
1.79329143486872 1.47546479983816
1.8440393131828698 1.462989355392565
1.89372703896574 1.44660457675999
1.9419039319613902 1.4262595694252351
1.9881050858853548 1.40199113672156
2.03186914672804 1.37392673215494
2.0727570256688552 1.342282913958315
2.11037025860269 1.307359031950975
2.144367605880025 1.269526320609875
2.174478553661215 1.2292130568476352
2.203148241320125 1.182080832293235
2.226648045146355 1.133133281140645
2.244966692675005 1.0830385219329401
2.2582109815775153 1.0324345786016251
2.26658982734839 0.9819057211186999
2.270394130670875 0.931965374656845
2.26971541699791 0.87822420507381
2.264446545923275 0.8261732755516601
2.2551321131565 0.776147809041995
2.24092403674223 0.723919263958185
2.22280213613434 0.6735713238466949
2.2011991667203903 0.62524649177792
2.176571126110505 0.57907421395508
2.1493659046864098 0.53510363883817
2.12001110756104 0.49331133520679904
2.08890429487372 0.45360988973825644
2.0536445593340398 0.41279269656880047
2.017150076758665 0.3740168849345995
1.979753899675585 0.336981835092938
1.941715931763475 0.301334797589746
1.9032144711708452 0.26666755837204004
1.8643308225431 0.2324993828916105
1.82501555531871 0.198232133512316
1.785003798584475 0.163037279244554
1.746829253338415 0.128544700240254
1.709358367358495 0.093161887139752
1.671332095298725 0.054899811924459495
1.6367197545607 0.01710255576511
1.6029666291127849 -0.02363218745415655
1.57263456244893 -0.0648909244881155
1.545175631183365 -0.1078008029933865
1.520008600390675 -0.15425288658917452
1.49957207928872 -0.20021400387508953
1.482432181850315 -0.24920357231108353
1.469553338608 -0.299518145771251
1.4612896618215498 -0.34918392515643204
1.4571131529081 -0.401702888652382
1.457282536266485 -0.4518062482535405
1.461436748166675 -0.5030385748883399
1.4690634918417549 -0.552518625853905
1.480259930325605 -0.602948626349645
1.49483311593407 -0.653989530496665
1.51111669234771 -0.7017343731121349
1.530255761568675 -0.751032318119215
1.550175099477985 -0.797730939488365
1.5724755454755148 -0.8467250999345151
1.594016515051015 -0.8922344280455
1.6177907572218 -0.94168549386746
1.64119727559344 -0.99072761803496
1.66401737681382 -1.040026520057425
1.685939110697495 -1.0900330429479799
1.706578296576285 -1.141055347755615
1.72549495161199 -1.1932913873459499
1.740649815580685 -1.24142430420134
1.75365021123709 -1.290622596407705
1.7641204586315649 -1.340820754865315
1.77169104783043 -1.3918841981827599
1.776012173590465 -1.443608888958005
1.77676800487978 -1.4957231128643849
1.7736910529522247 -1.54789206518216
1.7665758587821352 -1.599725653188625
1.755291104219495 -1.6507896527666752
1.73978918680691 -1.7006200385415648
1.7201123228516297 -1.74873994738868
1.6963943921931102 -1.7946783698371551
1.668858028005835 -1.8379893497626352
1.6378068707402051 -1.878270276865085
1.603613394428 -1.915177836591435
1.562454148855915 -1.951902059531325
1.51857494057079 -1.983870974165035
1.4726307607513551 -2.01095297261852
1.425268260177425 -2.033137963032655
1.377099620632635 -2.050525936723825
1.32868213433703 -2.063310247051355
1.27571613677705 -2.0723761345884197
1.22358124705026 -2.076624086748205
1.172705335371645 -2.0765289223586803
1.11877207652691 -2.072022514373435
1.06597655218188 -2.063327930174115
1.0145393584425801 -2.0508450643364897
0.964670161960395 -2.034998881971355
0.91649822155543 -2.016220881992095
0.87007777519496 -1.9949357323820252
0.825394725928545 -1.9715501236502297
0.7788599755719751 -1.9442849761736352
0.7341071315897649 -1.915436925767515
0.690900745742335 -1.88538778572195
0.6489408147752249 -1.85445687315591
0.60785790664772 -1.822893288137245
0.567193480854535 -1.790863840895835
0.526349373602415 -1.7584279135780299
0.48446062041132204 -1.7254743502423602
0.443586976256474 -1.6941962495892302
0.40194431777105255 -1.6637610855116
0.357418026109038 -1.6333427297169798
0.3139653049502875 -1.6061956568601001
0.267796710658309 -1.5804380758888
0.221750573958382 -1.558144760620305
0.1745804599422645 -1.53896359342926
0.12433644965155251 -1.52267657869035
0.075429870554705 -1.510949311603505
0.02414088245545305 -1.503013921472095
-0.027679869165523802 -1.4995094929403598
-0.078026817143305 -1.5004256954427
-0.130440495372412 -1.505881775217765
-0.17969262671422498 -1.5151737402614749
-0.2293368722895615 -1.52859344238975
-0.27663517785082997 -1.54511443396943
-0.32419825094328003 -1.565312424638845
-0.371741669121757 -1.588938236366415
-0.41573711707704397 -1.6136463692600749
-0.46074480956556946 -1.6414458140859751
-0.503057438052445 -1.669539116487945
-0.5471981488625051 -1.7003911472186701
-0.58803259060798 -1.7298463858142998
-0.6323344592843301 -1.7622078493296702
-0.67630700846758 -1.794133361251235
-0.720642748183225 -1.825527677309945
-0.76584064031759 -1.856165191837095
-0.8122727549377149 -1.88572351528549
-0.8602130457680349 -1.9138054887500602
-0.904801828550615 -1.93744096904211
-0.950830051397045 -1.959148488198815
-0.9983010320935349 -1.9785466171249753
-1.0471490169833 -1.99524754175569
-1.097236356444165 -2.00887031298026
-1.148352680339225 -2.019055208935895
-1.20021682140848 -2.02547869960185
-1.252482028057295 -2.02786832030008
-1.304744763200925 -2.0260165973476854
-1.35655708330998 -2.019793048255455
-1.407442233471055 -2.0091532385912503
-1.45691270795287 -1.994143958706625
-1.5044896646391899 -1.974903812724015
-1.5497223145318049 -1.95165888646208
-1.592205800611635 -1.92471363891386
-1.63430325509329 -1.8919043268504752
-1.6731902871663749 -1.8536001735356098
-1.7065320280948701 -1.8120075517681051
-1.7341962451112298 -1.76808279534152
-1.7562388976955152 -1.7227359125722947
-1.7744017049123548 -1.6716829956490549
-1.786356600065475 -1.6208643371058151
-1.792719640012005 -1.570699187567625
-1.79387943752952 -1.515850331996325
-1.7893260867734502 -1.46196129884535
-1.7795467119565 -1.40960743953719
-1.76508153622676 -1.359237744496395
-1.746496914941505 -1.311180300016035
-1.7243636241599352 -1.26565240508162
-1.69682682111127 -1.2190083624933599
-1.666423211998015 -1.17555638501873
-1.63379823913881 -1.1352398634743899
-1.5995428188726701 -1.0979244661053849
-1.5612080995153599 -1.06066069398079
-1.522177394631595 -1.026390194397665
-1.482959750114415 -0.9947755925078001
-1.441002253431045 -0.9632924905925799
-1.39974771993629 -0.934034174184205
-1.35669920228019 -0.90466826748968
-1.31513077989097 -0.8768726063770099
-1.272647521935085 -0.8484521530583301
-1.22976985970696 -0.81911705782502
-1.187003175525215 -0.7884671893223449
-1.1469667860988149 -0.757702456805975
-1.107625639690035 -0.72451900671631
-1.07117683397019 -0.689925297870325
-1.037424099660965 -0.6529499112972801
-1.00592271605624 -0.6116885636093949
-0.9795329097240251 -0.5684452166011751
-0.95850998994907 -0.522511613552675
-0.9436637346132949 -0.4734910629402155
-0.936380026436385 -0.42320012777519056
-0.9373175628616851 -0.3722476179162815
-0.94703601767713 -0.3217900272133505
-0.9654281478112801 -0.273894301644393
-0.99119629922117 -0.2308480089007845
-1.024577381150255 -0.1916771684038985
-1.06420189153026 -0.1578480093580855
-1.10768022692978 -0.1304276652102565
-1.15549988859933 -0.108263719743141
-1.20510415839573 -0.09175731476495799
-1.25519530485475 -0.0802177929885
-1.3073531048347902 -0.072485256212887
-1.357380828302025 -0.0682933535889825
-1.40945613811808 -0.066512379549498
-1.45967051807716 -0.066641199774487
-1.512203613849305 -0.0680829112639315
-1.562581885363075 -0.0701609331275235
-1.615226289265325 -0.0725023271650275
-1.67022739812449 -0.0745552048777315
-1.722289302249655 -0.075613254926008
-1.776256068620055 -0.075302922513122
-1.826337778524715 -0.0733178389459245
-1.8776703569655802 -0.06918923449310051
-1.92999958695624 -0.0623895715745705
-1.98298664167694 -0.0523926319201265
-2.036203514853275 -0.03869580804040345
-2.089131356868245 -0.0208444492717541
-2.1351867915507947 -0.001300543413330275
-2.18435922313312 0.0244609869847906
-2.230591003578465 0.054287385920432495
-2.2737404139116153 0.08832074558244199
-2.313549932290065 0.12672839623530602
-2.349648132194385 0.1697181627596745
-2.37821853754726 0.2120012379130995
-2.4028252867046 0.2580288390855515
-2.42237398317562 0.30639635658547204
-2.436493940381485 0.3563528041587705
-2.444999705863105 0.4071782200464985
-2.44784711887288 0.4581202943316615
-2.445137454363575 0.508429658665705
-2.43575103211287 0.56338844415639
-2.420165999248105 0.615743775327655
-2.3990627811927903 0.66474599720125
-2.373223552521355 0.70982624519274
-2.3434789176262703 0.75060382282344
-2.3068582202231402 0.7906266384017
-2.2675217106887398 0.82504476434686
-2.22615813382227 0.8541871271292001
-2.178222457156525 0.88091274949577
-2.12845367089332 0.902132728781685
-2.077590055464555 0.918006818435255
-2.026283128158185 0.9288013753666651
-1.97508970102546 0.93486290538025
-1.9244705627015801 0.93659405226144
-1.8703350089065398 0.9340591532497349
-1.817681363051935 0.9274852367663801
-1.766762738324005 0.9174699615588849
-1.71773770131019 0.90459930482118
-1.66685329506757 0.888084224367535
-1.618294346113045 0.869543987916245
-1.5720008588025949 0.8495876959930151
-1.52454745209497 0.82713404709319
-1.47939496128639 0.804254440003515
-1.433314185580415 0.779826619536115
-1.389318529892255 0.7559682912697301
-1.344348128749995 0.73158251514343
-1.2983898945230101 0.7072655192318951
-1.251326096520815 0.683651657830815
-1.205440298252795 0.662503340917105
-1.157746467938365 0.6430904887482
-1.11016391945689 0.626890066711165
-1.06174932412969 0.614179035925055
-1.01063850513465 0.605444442587295
-0.960106081426815 0.60213045680429
-0.9095927824797551 0.60481037466501
-0.8591474195520951 0.614416266021675
-0.8111022487433299 0.63133572575852
-0.76637302513796 0.6558261853523
-0.72618755146783 0.687847008079115
-0.692315111575295 0.726334325521705
-0.6661700323194351 0.76906566865383
-0.646991822105735 0.816673438152495
-0.6353891075577051 0.86745673224166
-0.63126182469867 0.9186431571909001
-0.63380231714848 0.9712011280934449
-0.642171734470975 1.022681316333685
-0.655173136427575 1.0723285386025698
-0.672533579338255 1.122097254343005
-0.6920458376522299 1.168312233774505
-0.7146493426635 1.2152030262651399
-0.7380866214093851 1.259548620687325
-0.7637721666924999 1.3053244601794949
-0.7890300942801051 1.34889116109445
-0.81558716519494 1.3943312592397
-0.843000635760575 1.441981913034815
-0.8681821841420749 1.487493233974725
-0.893058030462425 1.5353212861206749
-0.9146587584729099 1.58049469114285
-0.93496425245412 1.62777139430872
-0.953390858694215 1.67717440691045
-0.9693161506835899 1.728651762876605
-0.9820964093554 1.782062052950835
-0.991087292740865 1.83716154578204
-0.9953824933397 1.887020236509425
-0.9956508943063801 1.9425566146976798
-0.9909578864956851 1.9973838241423247
-0.9811143037392551 2.051445998272355
-0.9658548622301799 2.10459607076738
-0.9448261297136501 2.15660487448943
-0.9209102738583249 2.20162800796375
-0.89182422714284 2.244938207859285
-0.85828560923638 2.284906912620675
-0.820793819752575 2.32083243917761
-0.77989550610103 2.352211670371065
-0.7362327305348251 2.378650534637745
-0.69051391502908 2.39988441833163
-0.6375451541874549 2.4174023077864097
-0.58395875619619 2.428217219772995
-0.5307380904593699 2.4325755639950097
-0.47875528294636094 2.43089934552885
-0.4287392871905295 2.423742637135545
-0.376161154450761 2.410142263754405
-0.32726483790981653 2.39149951723141
-0.2821126728651945 2.368594164875045
-0.23603080694161802 2.338746829575395
-0.193959741711941 2.304692877972005
-0.15610593782492702 2.267160453584585
-0.122540596079271 2.226851213336375
-0.0932193129105105 2.18442077012753
-0.0680027151734415 2.14046616403094
-0.0449215484144241 2.09140042430408
-0.0261147372865757 2.04175108684605
-0.011172383379197449 1.992022825112605
0.00034960687180652 1.942631051171065
0.00950574917486045 1.889887140338385
0.01577308481143145 1.838251544534225
0.0197191938271098 1.78795684051985
0.02198555148653705 1.73546702972735
0.0227907567476923 1.68481363554781
0.0226476721652516 1.6326148724963399
0.0220266889420563 1.5825278258835351
0.021383201085903948 1.531332139591
0.02125105556184085 1.4792951336334401
0.02224666951384645 1.42660928132187
0.02486820409033835 1.376119321835285
0.02985816585643235 1.324842227277235
0.03763010126095745 1.275168566043345
0.0488634345630592 1.22639837277326
0.064839382938418 1.177129942079565
0.0853348611300225 1.130859002049095
0.1111701038468595 1.087289293045165
0.143159279960245 1.0469463223361148
0.1805273673743005 1.01215043431668
0.223005983152646 0.98387427394235
0.2700162428083005 0.9631362276748
0.3197917884908275 0.9509948062558999
0.3697022437239565 0.947657541545295
0.42063887478233053 0.952724160167385
0.4709968269302725 0.96598168570538
0.5182150816460049 0.9860418954072501
0.56352461543382 1.01262624478423
0.60515017883473 1.043849007151635
0.6430359281161351 1.07834901755214
0.67904433810551 1.11681789870348
0.71088305631885 1.155536023323935
0.741866373231325 1.19730183233263
0.77019624368558 1.2386251191355249
0.798732637661125 1.282605072042195
0.82550203037699 1.32518632597378
0.8533110231920199 1.369794765497425
0.88266254194782 1.41619864980499
0.91115082089651 1.459645569909245
0.94181768260149 1.50391393154454
0.9716560210631799 1.54406366377168
1.0039482274604699 1.5840626724222449
1.03898775648046 1.62340764951594
1.077020471357855 1.66152582528083
1.1182237220697 1.6977835763014402
1.162685309569735 1.73149859854367
1.2047378703405 1.758642783785185
1.25370360717956 1.7849023380786
1.304349902013705 1.80644562446966
1.3567172198620798 1.8230830971744751
1.410800274983945 1.834515265494495
1.46656169744126 1.84032694717487
1.51749345396407 1.840326678721175
1.569366518353615 1.83496791345839
1.6204077591491999 1.824110754242615
1.6697394176226052 1.8078656118026502
1.716660366500755 1.7864765540800651
1.7605202596408749 1.7603232983388
1.8007512828467749 1.729905368008095
1.8403612715393252 1.692283709679795
1.87580902663159 1.65098706056508
1.9065327796892049 1.607215661638025
1.932462825769305 1.561615965037905
1.95364338748228 1.514810848606055
1.9702179534264002 1.46737728483073
1.9833997590775698 1.4150869100605301
1.9916635346177902 1.36324196108901
1.995449660865105 1.312315286454515
1.9950181721384053 1.25807231105538
1.990286274430965 1.204706525416335
1.9816368709965801 1.152414450062785
1.9694778598234048 1.101442997980975
1.95423072070852 1.051958864377535
1.93631657319663 1.00405279096939
1.9161443556787852 0.9577453822601051
1.8921911594678398 0.909331719543
1.8664940244929302 0.8626122697315199
1.839455431998525 0.8173847846736451
1.8114204988585851 0.773378535938835
1.7826697206857598 0.730250109594345
1.753408847570435 0.68756523886234
1.72374900101206 0.6447517688544451
1.693657847527275 0.600982166753615
1.665228422976505 0.558523098734615
1.63786608894696 0.5157731004634399
1.61003922088166 0.46923725729371996
1.58536813628787 0.4239706523676145
1.562073865180325 0.3757643787009935
1.54211489889309 0.32750077430664104
1.525593790190875 0.278827346831253
1.512840641157345 0.230228673321265
1.50374820812083 0.1805087827735305
1.49859654492098 0.1287798969188175
1.497893917771135 0.0769178570887865
1.50149524435529 0.026912242113600347
1.50967804901448 -0.02473748448523435
1.522328515702845 -0.075967293488046
1.53843190628478 -0.124267321454793
1.55907022945045 -0.17358236238410701
1.5821617260074399 -0.21967765356165053
1.608705725169155 -0.265586035553657
1.6361007894352848 -0.30785683101510747
1.666637453419055 -0.350911316030022
1.697297281951765 -0.391238735587532
1.73082662154482 -0.43318806256205294
1.76286305499215 -0.4720364910915345
1.798066704446655 -0.51417159101001
1.832811198154705 -0.55596720182994
1.8670551122401 -0.5981323905659
1.900611362858665 -0.641186382062965
1.9331867779134502 -0.685526262830645
1.96440626917676 -0.7314553520624101
1.9909814835821202 -0.774330873675915
2.01574566182627 -0.818765170658595
2.03831929589987 -0.864789811928825
2.0583113740967347 -0.9123680824262401
2.075332346219125 -0.9613912272187349
2.089008347092495 -1.01167657366574
2.09899622866462 -1.06296832077295
2.10499875383015 -1.11494159192312
2.106779124922075 -1.16721011619778
2.104173876700205 -1.219337612841065
2.097103095123825 -1.27085260122291
2.0855769718923503 -1.32126596868306
2.0696979018986204 -1.3700902509814201
2.049657679609195 -1.41685928301499
2.02572981598789 -1.461146730355655
1.99500308194443 -1.5069960806590201
1.9604498228858098 -1.548916873757995
1.92267122191248 -1.5866161078821
1.88229135901913 -1.61992064941458
1.83992894921612 -1.6487728546704499
1.79617324825671 -1.67321959064835
1.747076847350065 -1.6951870382558147
1.69758285873408 -1.71226854315901
1.648226232419855 -1.724817263195785
1.594830268203885 -1.733834878937945
1.5415090623241101 -1.738500689853885
1.48856351446981 -1.7391496343864101
1.4363036632859 -1.7361411041024202
1.384963181125525 -1.7298610517151651
1.334701242201235 -1.7207076578301952
1.285606222965215 -1.70907882210873
1.2337610663853649 -1.69413593634238
1.183257558277025 -1.67720773986071
1.13396348791558 -1.65872338150145
1.0856687718840852 -1.63906747360483
1.0380791492096901 -1.6185737830227052
0.990794773786145 -1.59751841948874
0.94325651333969 -1.5761081310637501
0.89461112886612 -1.5544512524039151
0.8474142795806451 -1.53417534783802
0.7998036672054349 -1.51493266357636
0.749096870023365 -1.496271087327055
0.7002558901710849 -1.48051897768
0.64902071043082 -1.46674538834345
0.59866420980016 -1.45629544645322
0.54811795834167 -1.449178121689475
0.4981990416115095 -1.445714827193405
0.4477687237438155 -1.4460458607160152
0.3960259375453225 -1.45062542051136
0.3449141555226495 -1.45961529446448
0.29636882959489247 -1.47251211719851
0.24699367009377302 -1.49025761868281
0.198788154014754 -1.51237361976744
0.1540255559473355 -1.53741256668488
0.1089625972363935 -1.56724276786811
0.0678058829224175 -1.5987062726003
0.0275505401641106 -1.63344767739081
-0.0090345276155861 -1.6683707385868751
-0.0458725306759884 -1.7065566455575047
-0.080051178731763 -1.744362666256145
-0.11535373484595399 -1.785299587844755
-0.147675515616734 -1.8238846634547201
-0.182643652419276 -1.86609094430055
-0.21744906080558152 -1.907805392870355
-0.2527736479947145 -1.9490921999366648
-0.2891493651554655 -1.9898464739547101
-0.3270108676192925 -2.02984035235319
-0.3626544115079645 -2.064919349742085
-0.40000309244774 -2.098831232557235
-0.439214823225185 -2.13124236240643
-0.48038906167611495 -2.1617850282805002
-0.52356015108299 -2.1900678984920203
-0.56869128104949 -2.21568810210691
-0.615670074714395 -2.238244887395425
-0.66430665874557 -2.2573545563860598
-0.71433491841947 -2.272666145781785
-0.765417445224985 -2.28387710545024
-0.81715442396637 -2.290748032521135
-0.869096371832085 -2.293115388473805
-0.92076024921511 -2.290901104782225
-0.97164805500379 -2.2841181093621303
-1.021266664345195 -2.272871096557845
-1.06914743904714 -2.2573522955591803
-1.11979348281212 -2.2354307348746603
-1.1672680912941051 -2.2090365235641647
-1.211174779117785 -2.1787080634527998
-1.251230811744895 -2.145027820525355
-1.287267972370475 -2.108593752367755
-1.319226092564675 -2.06999365072619
-1.349714149276905 -2.025694651134355
-1.37547135570461 -1.98012144967915
-1.3967483457566598 -1.933863613825245
-1.415288167621505 -1.88299124821879
-1.429537707887125 -1.831401755541505
-1.43977079085253 -1.7794544465300952
-1.446284803264885 -1.727519046460415
-1.44941702784892 -1.6758949980919098
-1.44953021752552 -1.624810711058585
-1.4469996332276651 -1.5744249390392349
-1.441711321428015 -1.520733472842405
-1.43422975892359 -1.4680005126959998
-1.4250008138879449 -1.416173516499375
-1.414440670449085 -1.365115255856445
-1.402930786118545 -1.31459640726923
-1.390815094540425 -1.264273133837495
-1.378398253544145 -1.213631853380095
-1.3659415385739702 -1.1618505592743449
-1.35458037768428 -1.1117337437966301
-1.34430958107896 -1.06137199168976
-1.33519021433525 -1.00813752948932
-1.3285933047972 -0.9572619545926999
-1.3243803058650552 -0.904413799492675
-1.32327350479835 -0.853051969296015
-1.32547529661547 -0.8020799287476651
-1.331155404395025 -0.752379177371165
-1.34065995803293 -0.7028596812003001
-1.35458212156106 -0.6528179154471949
-1.37272796624997 -0.604194875679945
-1.394250814325015 -0.55880270757538
-1.42069627708805 -0.51347286950366
-1.451231610582035 -0.4700840758490905
-1.4840209493550949 -0.430608022103005
-1.521589024556985 -0.391699869579324
-1.5600339870508049 -0.3569495354875135
-1.60153234552542 -0.3236855136148145
-1.6425436451248348 -0.294059375140095
-1.686812375772245 -0.264773982324634
-1.7302244887302851 -0.2380313623706855
-1.7769212498382199 -0.210748998768425
-1.820735106212355 -0.1859822999259415
-1.8685872015211848 -0.159269064170994
-1.9159286169641898 -0.13262059000785248
-1.9629444354613148 -0.10537925097083649
-2.0096269351015947 -0.077003574330294
-2.0558300791502853 -0.04702522602312295
-2.09679560508876 -0.01833368852484505
-2.136920878046785 0.0122487580365154
-2.175906086868645 0.04493760885857765
-2.21340736620828 0.079896996470041
-2.2490458779089 0.11723124088649499
-2.28241860995083 0.15697672304958
-2.3131110215842847 0.1990950792428155
-2.34071139210743 0.24346861246600401
-2.364826477788305 0.289898706545431
-2.38509783064204 0.3381078764280525
-2.40121789573024 0.3877458663921005
-2.412944815014105 0.4383999019654995
-2.420114774050285 0.4896088185997435
-2.422650779836795 0.5408803667251749
-2.4205669808345602 0.591710591746685
-2.413968025004815 0.64160388616012
-2.401881579973415 0.6936147539928
-2.3834530018979803 0.7450237829814099
-2.359702331544315 0.79278237558129
-2.3314417354798698 0.83636647350497
-2.29952110388493 0.875442451347715
-2.2607813089048348 0.913390261448685
-2.21963981236236 0.9455972738639449
-2.1767569515218947 0.97243476424138
-2.127442460550265 0.996505148206025
-2.0765991845146448 1.014981072810095
-2.0249549893787053 1.02806261590382
-1.973145307794305 1.0360514088256099
-1.92170669089774 1.039323814914995
-1.87107682614359 1.03830691316436
-1.8171678008067498 1.032843493146975
-1.764956960590185 1.023431342402755
-1.714664221025205 1.0106807130980848
-1.6664158388737 0.995185016951825
-1.616507322989935 0.97595412173801
-1.569028789838995 0.9548303320725451
-1.523887270150745 0.932418131750485
-1.4777210227536999 0.90745377867621
-1.4338734032951401 0.882190913797795
-1.38918067369069 0.8553357258231401
-1.346537351245625 0.8291634929164801
-1.302947309058055 0.802415056948125
-1.2583652083828398 0.775684822864955
-1.2126391725368548 0.749599645821595
-1.1679545735140349 0.7260405465606949
-1.121368384264475 0.7041193370665499
-1.074716806676625 0.6854128223943949
-1.02704009152571 0.6701475552774501
-0.9764401803976501 0.65871173794506
-0.9261444462783899 0.65273000188018
-0.8755825191073001 0.652739574525115
-0.824746037755785 0.659662164116145
-0.775913939891965 0.674005638224255
-0.72996024398375 0.696090173320215
-0.6881339177479 0.72594114190474
-0.65226222265699 0.76259356200776
-0.623878525917305 0.80390723449254
-0.60219203761206 0.850484204855325
-0.58792388055537 0.90059010536584
-0.58109503597682 0.951507578277995
-0.580852387136795 1.00416061598251
-0.58649078048218 1.0560583993639399
-0.59685008102801 1.1063560922024052
-0.611546620066255 1.1569845678341901
-0.628578062136075 1.204186849838285
-0.64865791378173 1.252234793859245
-0.66970263670091 1.29778901078598
-0.692912575646245 1.34489585499032
-0.715808916826 1.389775671873635
-0.73989735288173 1.436599257776045
-0.764716330548315 1.4856794364060701
-0.787414726984185 1.5325036706082549
-0.8096761437331651 1.581626815717275
-0.828803567910035 1.6279214995433597
-0.8465171566227101 1.6762471340967502
-0.862232331335405 1.7265944235492299
-0.875330044494075 1.7788769354569751
-0.885175054768865 1.8329176131857199
-0.89113729466893 1.888437054575255
-0.8926923792588151 1.93845119061249
-0.889912653455365 1.9939093094641698
-0.882214671653465 2.04839275110445
-0.8694115669134049 2.1018341796748348
-0.851245292560405 2.1540712918194247
-0.8273738908881401 2.20485511826678
-0.8009973850993999 2.248506398156385
-0.7695558885981401 2.290148913970755
-0.73385952045197 2.3281980864504948
-0.69444084206293 2.361989902429855
-0.6518742454572249 2.39105290474961
-0.60682312766244 2.41502998661555
-0.56000969317653 2.43369708448275
-0.506167272910105 2.448254292229395
-0.4520816333953085 2.45608805020541
-0.3987200776709495 2.4574997396229152
-0.346928897092595 2.45295953295918
-0.2974040578739835 2.443061142936445
-0.24567740464891652 2.426594533444955
-0.197902365882373 2.405302302593395
-0.154086857286939 2.379959027859425
-0.10971848912399448 2.3476345300783352
-0.0695833175554515 2.31133312073442
-0.03384683365314215 2.27179269133727
-0.002541111263553145 2.229717182280695
0.02441449966563195 2.18575819365774
0.0471921010017924 2.14050365385521
0.06756277108683299 2.09026508877946
0.08363836934402999 2.0396784710959
0.0958556596713515 1.98922477409208
0.1046805629754165 1.939294077963135
0.11096628218482849 1.88614666751575
0.1144325256218045 1.8342631710602748
0.11565821186943451 1.7838445773040401
0.1150930578129505 1.7313261402794702
0.1131724819940025 1.6807200265098199
0.11022645690278701 1.628622474396515
0.106920768186395 1.57865833818409
0.10353707683652451 1.527588181829475
0.1006227085490085 1.475649771675855
0.0988034013353805 1.423001695510905
0.098728263954541 1.37245660838479
0.1009797018527335 1.3209960052731051
0.10609871545755849 1.2709829832499602
0.1147283696515995 1.22167930186147
0.1280804480226625 1.171606431970555
0.146110938722991 1.12430133538198
0.1696011191644065 1.079456286025245
0.199385329413107 1.037531224575395
0.234827017185632 1.000849251958635
0.27574108575153 0.970375063018125
0.32159223896559247 0.9471797861881249
0.37067421007865 0.9324205566249949
0.4203739623054445 0.9264498297583801
0.47157067146246445 0.92882918621962
0.522567692979015 0.9394186705769749
0.5708016046649951 0.95696955629027
0.61748838161564 0.9811441917262449
0.66075330449267 1.010156170228095
0.7004413391304151 1.04262807706611
0.738446421745625 1.07914015542634
0.772311582319685 1.11612443510828
0.8054930237810151 1.156198583864375
0.83600687936128 1.19597065210979
0.8668756135359599 1.238383375254585
0.89590970356545 1.2794899533401651
0.9260971270639899 1.32256187091759
0.95792830635887 1.3673391762313352
0.988742480541385 1.40920303699565
1.021782559102435 1.45176320723493
1.053775393713345 1.490247604050545
1.0882150260394101 1.52844151675339
1.125366716913895 1.56582546064445
1.1654441402657452 1.6018132819839401
1.208588949387585 1.63576193745026
1.254850436602605 1.666984837273
1.298334046040675 1.69176628334945
1.34866507519276 1.715275499332765
1.40042161584691 1.73398261073648
1.45363291117771 1.747694317289985
1.5082768504675 1.7561100369562301
1.56429328425587 1.7588151078239949
1.615170745887955 1.75597840578944
1.6666746954307101 1.74773463038215
1.7170267480832901 1.7340477135045549
1.7653688461361352 1.715076746777855
1.8110148222369449 1.691105715575
1.85333712088319 1.6625510768302099
1.891797563646715 1.629944060018835
1.929926249160605 1.58919172877668
1.96222715144271 1.545062805699005
1.98850993616047 1.49855368121764
2.00879059052206 1.450633894483025
2.0232654287447547 1.402198736480405
2.03295736743237 1.348730850641495
2.03651988456141 1.29649112174332
2.03463626918743 1.2458794653192151
2.0268342388406753 1.191522679864025
2.01352767987838 1.13904630653942
1.99529136161994 1.08894385909187
1.9727328638004749 1.041574792253365
1.946466515692895 0.9971741252950901
1.917093313665895 0.9558659223660999
1.882178999972415 0.91436055064166
1.844941397968375 0.87649706259102
1.80601104753474 0.8421147059514
1.765951690648825 0.8109841288546701
1.72185289767626 0.780604823877315
1.677549274116585 0.75331809021222
1.6334901486127102 0.728705431594455
1.586730402266605 0.70470598510147
1.54102593838003 0.682806442651505
1.493517699317095 0.66112758342553
1.44772697541539 0.640769841198785
1.40091707910774 0.61997401870988
1.353554348010745 0.598366816026265
1.306071596125425 0.5754685892954
1.261263598296175 0.552014057688095
1.216728959942335 0.5260837749315199
1.174814545078205 0.49830057677707096
1.13516936321336 0.46775790992967103
1.097059725893465 0.432717564210085
1.06354274241063 0.3948173222288335
1.0346736140418051 0.35315388952251153
1.011294021286115 0.307215797037613
0.9952090176959401 0.25869201722450097
0.98719868921219 0.208276908749349
0.9879313070239849 0.15689919032743951
0.9976263252862649 0.106603906660554
1.01630067968877 0.0579397907521905
1.042647766941545 0.013600539680097301
1.07600096957854 -0.026438844711016152
1.114254597735795 -0.060837029253144506
1.1576993704196998 -0.09080365199079951
1.20388597050346 -0.115505350191808
1.251364533150825 -0.1353788822194585
1.301474813399405 -0.1518399540966235
1.3500972884441151 -0.164464938567185
1.40115488853167 -0.1750730297813755
1.45070509879606 -0.18349279946588798
1.502767116563475 -0.191024076928548
1.55281177044737 -0.197571783951191
1.60513472091974 -0.20425836154329252
1.65972929604114 -0.2116452758190735
1.7112503851607648 -0.219522603969929
1.764409680408945 -0.229088076706421
1.813444821578645 -0.23964923078251
1.8633382796195501 -0.2525490848163855
1.9137473013366801 -0.268263877109547
1.9642459332396398 -0.287253508294105
2.014324407079425 -0.30993874403742
2.0633917483788897 -0.3366769138741035
2.105364749837895 -0.363885804338766
2.149321375721295 -0.3977570405100165
2.189683998456645 -0.43513502280953453
2.22628527049725 -0.47613559051053345
2.25883965076301 -0.52088002632752
2.28694217278389 -0.56951064500668
2.30774784923466 -0.616153418064785
2.32398100797483 -0.665775794327295
2.334815221648535 -0.71680013668147
2.3400253882141 -0.76844092001939
2.339556103720355 -0.81995636696
2.333496788338145 -0.8705980422848449
2.3220794238564197 -0.919646328472415
2.3041589199806802 -0.9704527744504701
2.28105841018432 -1.0196494387585149
2.25378145467654 -1.065554505005865
2.22288959987796 -1.10784407237672
2.18896825096218 -1.14630754536747
2.152600530748275 -1.180843077717805
2.110436309590745 -1.214293865469485
2.066672768052295 -1.24310138915517
2.0219171622784797 -1.26747480404227
1.972382236269345 -1.289411263978405
1.9218518014718 -1.307101527316255
1.87069113690841 -1.320800066027045
1.819290393606775 -1.33077810329327
1.767972271856495 -1.337351668675155
1.7169902586533048 -1.340867220751095
1.666529106468475 -1.34168857951372
1.6125858296097602 -1.339966877699885
1.559455879104365 -1.3359820721878148
1.50711805145894 -1.330183043421165
1.4554647844913648 -1.322994720352245
1.404294696202145 -1.314813443691365
1.35329057578671 -1.30600554625267
1.301965412790005 -1.296909109027305
1.249527225745215 -1.28783879692824
1.198866978906075 -1.279747020066265
1.1481417647802998 -1.27275541458743
1.09435911286329 -1.26704544701569
1.0430928429587252 -1.2636933681204598
0.9899151075234449 -1.2628401781651901
0.9383440638162799 -1.265005725261765
0.8875044399354299 -1.27045248784611
0.838201027106685 -1.27928879056177
0.789349727078805 -1.291926648542685
0.740279454999125 -1.30899999362637
0.692912425819935 -1.33018885397553
0.6490003557791251 -1.35453077490262
0.605480574727285 -1.38376354939978
0.5641760567696099 -1.41693061850574
0.526937954478585 -1.452068948048995
0.490604563930514 -1.491882986018865
0.4583974331718075 -1.532390840526735
0.427854870884516 -1.575876543170745
0.40092900949880794 -1.61863341008906
0.374568343362413 -1.66460505325206
0.3507034596548405 -1.709554919593885
0.326527392539042 -1.757809273998875
0.3046319499261495 -1.80314827206112
0.2810659708590585 -1.852659012202165
0.257555945018125 -1.9016431052712552
0.2334527157521315 -1.950336691533245
0.208212857454742 -1.99877271402313
0.181357717531137 -2.04684003632292
0.1524592174953495 -2.0943159271972798
0.1243917320869665 -2.1362779313686397
0.09413278612157751 -2.177215852446305
0.0615002169982205 -2.21679403743392
0.02636995016128495 -2.2546387475971152
-0.01131524736454685 -2.2903485470211953
-0.051538281349466995 -2.32350662181996
-0.094202409811508 -2.353694926531155
-0.1391288890827255 -2.38050979484842
-0.186058247980671 -2.4035783917268803
-0.234655639630378 -2.422575134734095
-0.28452042082567747 -2.437237009456695
-0.3351997276568055 -2.447376596259085
-0.386205388684967 -2.4528916621274
-0.4370331061446695 -2.45377038063011
-0.4871825196884695 -2.45009161860363
-0.5415296521639099 -2.4408620736012447
-0.59385712363544 -2.4265475871278452
-0.64365553610836 -2.40757910050751
-0.69051582424578 -2.38445612738085
-0.73413639725862 -2.3577192365598703
-0.77432262682597 -2.32792376179225
-0.814450797516705 -2.2922682162731
-0.8503085061132399 -2.254262465331585
-0.88200070694401 -2.214534858615545
-0.91218623488449 -2.169652973632095
-0.9384089504087051 -2.123035624493785
-0.960836021980225 -2.07511500081662
-0.9796689910526399 -2.02631899118058
-0.995164434715665 -1.9770167812656751
-1.0076202034505901 -1.9275147599108648
-1.01736259095086 -1.87805480233623
-1.02525326634527 -1.82472470171303
-1.030808335808215 -1.7717916985522648
-1.03447263937992 -1.719309113626565
-1.03668269919942 -1.667240620652705
-1.037863939517135 -1.6154512731200452
-1.0384338796999502 -1.563683885545565
-1.0388146864015648 -1.5115022238845799
-1.039464833100775 -1.45814757325252
-1.0408017900675 -1.40657373457455
-1.043310181426615 -1.3547771345357
-1.04764306067541 -1.301148955970595
-1.05385775816638 -1.250384930645295
-1.062841403344195 -1.19852290251419
-1.074410020045135 -1.149002555040825
-1.08913071221503 -1.100401295700485
-1.1080458507719348 -1.05117558235263
-1.129677829724105 -1.00581756818872
-1.15576984962859 -0.9609666002656301
-1.18565823321885 -0.91846713088159
-1.218075915891705 -0.879876103430775
-1.2553514832643748 -0.842515212733675
-1.293650372014185 -0.81001068304969
-1.335453697646105 -0.77977732044785
-1.378257334509005 -0.7532958946718751
-1.423972047951305 -0.7289970902483349
-1.47230436776203 -0.706879339464465
-1.51926556009833 -0.688181054710565
-1.569289731108425 -0.670619554628985
-1.617856855976605 -0.655322921564135
-1.6697329455806251 -0.64031716915613
-1.7182925434380352 -0.62702947907162
-1.7712532368026348 -0.6128537338361799
-1.823690619360115 -0.598631231906405
-1.87595218396724 -0.5837674353979
-1.92816741473804 -0.5677343822883201
-1.980312744312145 -0.55004148488131
-2.02706835811089 -0.53231691777049
-2.07347832155908 -0.512561164565485
-2.11930636428498 -0.4904909150909685
-2.16426075386275 -0.4658615890740955
-2.208000991030595 -0.43847773734425355
-2.250146234726555 -0.4082035761796485
-2.29028583458404 -0.374972718133235
-2.32799205967591 -0.33879619486095697
-2.36283484002509 -0.2997679116295115
-2.394398057210045 -0.258066757904602
-2.422296636053245 -0.21395475304311148
-2.44619343025242 -0.167770853819854
-2.4658147093549703 -0.1199203966356995
-2.4809629970506597 -0.070860569065649
-2.491526123508465 -0.021082749193373503
-2.497481649045885 0.0289070597593808
-2.49877891239387 0.0840917187573595
-2.494683963975985 0.1382703086517725
-2.485519062867385 0.1908566710548975
-2.471694364359595 0.24134936705525
-2.4536823017725 0.2893444231640555
-2.43199155796675 0.334540276702188
-2.4045042068114197 0.38078547625987447
-2.373875310856855 0.4232641125492885
-2.3407459376232 0.461956394175583
-2.30228143412379 0.500083673556765
-2.261372777525475 0.534606394914205
-2.21845669386168 0.565627317767875
-2.173993824129695 0.593261478492495
-2.128397693286355 0.6176896639270401
-2.082027971132065 0.639145614067705
-2.035186285308805 0.657903657931695
-1.984186915694405 0.67553299222385
-1.93314116780538 0.690764073529485
-1.88218837632391 0.7040238868849851
-1.8313785855824949 0.7157478369531349
-1.78066380705024 0.726378178264505
-1.7298766926785798 0.7363707035392799
-1.67868012407673 0.746215958661105
-1.62644092040575 0.756492780732715
-1.57618968825376 0.76706051471231
-1.52621604686423 0.778702146201805
-1.4739832003563549 0.7926112892279049
-1.424954023192305 0.807824042975645
-1.375085350187705 0.826038309507615
-1.3278336359636 0.8464740832073151
-1.282369630877275 0.869736036298495
-1.23952962952704 0.895622497639825
-1.19845897472893 0.9249040871017951
-1.158762060716665 0.958413091377535
-1.122121046941655 0.995163587813165
-1.0898289274350301 1.03363033508711
-1.059648801666995 1.0765359174261548
-1.032941014837 1.12233781533801
-1.0107322148327849 1.168543206802685
-0.9910358379565001 1.21882678426311
-0.97546490713635 1.268222246801505
-0.9625159283789649 1.31978672864312
-0.952676326729805 1.369385117272
-0.944508848896185 1.421793864865005
-0.93830034671015 1.4723601538493851
-0.93297615708102 1.526131009897995
-0.92873754148043 1.576291385093095
-0.92442106873686 1.6309382576404399
-0.9199584083502449 1.68508475932938
-0.91482846096155 1.7391778511917297
-0.90853570380621 1.7934390951891799
-0.90059349174337 1.847933173285215
-0.89163888538939 1.897131911915115
-0.880620640642315 1.946358231464055
-0.867217472586835 1.995430604404125
-0.8511362191954751 2.04410597060607
-0.832123294791575 2.092084444953585
-0.8099765799511051 2.13901570910771
-0.7845568951445749 2.184507625700625
-0.75579818465387 2.22813732371963
-0.723715531518575 2.26946472803062
-0.6884101572143699 2.308048214869435
-0.65007066104025 2.3434617673165348
-0.608969951792865 2.37531270527146
-0.56545763211429 2.40325882003774
-0.51994800109035 2.42702361199695
-0.47290429776163545 2.446408361991025
-0.42482024366011195 2.46129998796627
-0.373174915092383 2.4720523219836297
-0.318735448193856 2.477021450511635
-0.265356430823299 2.475611455564135
-0.2138592824410015 2.468336028594835
-0.1649088300914125 2.4558246810292497
-0.114106544590909 2.436631273644505
-0.067508482022117 2.412822589131035
-0.025091737621760403 2.3851800300762998
0.017500706139677948 2.350535749202255
0.055652079735935 2.3121423053549752
0.08923572712115499 2.2707458350489302
0.118256593300856 2.227051545199065
0.1428295740512345 2.18170639426154
0.1631576511965525 2.1352888657112348
0.180811707435988 2.0840205351219003
0.194153698225908 2.03263314525871
0.203645562819707 1.981584174965055
0.20977360084339097 1.93123868083517
0.213188395427238 1.8778158661040099
0.21385107510911952 1.8258064685716602
0.2123509641330275 1.7753804709245198
0.20894451795539298 1.7229533664483452
0.20428374557971352 1.67250950027214
0.1985138916425105 1.6206315511572051
0.192496859591217 1.570904471499025
0.18633819027141102 1.5200776272687
0.180597431656937 1.46835919811708
0.175908148743284 1.41587405236778
0.1730722183430695 1.36539656987044
0.17250628277819852 1.31388107489899
0.1748791716203425 1.26365951564672
0.180790993577953 1.21396260752124
0.191364767021972 1.163258135712595
0.20675517145686548 1.11504739839731
0.2277446260902555 1.068949238073555
0.25519876882222403 1.0253971968617202
0.2885978268562055 0.98677967271588
0.32778142573979696 0.9540913591779301
0.3722832621440385 0.9284084025324001
0.4204614363695735 0.9109738504318401
0.4697234190582605 0.9022777967355401
0.52091273267114 0.9018266923185401
0.572406324004485 0.90958131776114
0.621512218296375 0.924437413078255
0.66942429300881 0.9459857130234199
0.714174325837595 0.9725429290473651
0.755558613989485 1.00276080832611
0.795503079546625 1.0371255842300902
0.8313295787075999 1.07218760113301
0.8666345454862749 1.11037179083261
0.899254120168805 1.148401938900755
0.93236569083516 1.1890509613198899
0.96357002172303 1.22849969551097
0.9960267263806699 1.2698515860571
1.030210848936465 1.3128219507651049
1.0632181891067352 1.35294527758783
1.098480266370145 1.39365006735155
1.132474728102065 1.430349155053165
1.16889272276914 1.466633467047075
1.207971702111605 1.5019709374588701
1.24989429966002 1.53576558097189
1.29476845860852 1.567368309235895
1.342607831465795 1.5960913034840751
1.3873428795604 1.618540973396895
1.43885495173594 1.639365087254405
1.491529415891015 1.6553191405936751
1.545386015109305 1.666210244200125
1.60038716802134 1.67174113832692
1.65645093416397 1.67150299092609
1.7070864754691901 1.666007516725615
1.75807902753209 1.65508307529169
1.80765068582063 1.63878211639042
1.854941265961965 1.61730908645558
1.899280080237245 1.590982336921
1.9400615784374249 1.560249590885865
1.97677520129917 1.525668761336325
2.01273233466881 1.48296588933022
2.04269090132675 1.437191194936565
2.066511449091135 1.38935015131844
2.084259448630215 1.34041106036834
2.096176961992235 1.29125892466788
2.10304733782297 1.2373274062370752
2.103853516009055 1.18494379854185
2.099300852197305 1.134485243983375
2.08863636303992 1.0806064369234
2.072569696561925 1.02889691160401
2.05170103516784 0.97982012654547
2.02665642705621 0.93370378235585
1.9980622034988649 0.8907507837254199
1.9665255778413102 0.8510537582820451
1.92944003359163 0.8114573107715101
1.8902242131670248 0.775625375085615
1.849499862801655 0.74336413579366
1.807818329431995 0.7144146527656899
1.7621386626784648 0.686435779703835
1.7164170012141948 0.661560969555115
1.671080325713995 0.639348038344775
1.62307607787911 0.6178973345248601
1.5762367293374449 0.5984915434709299
1.5276052041898152 0.5794081090763801
1.480759143788535 0.56155566965931
1.432869918056395 0.543325294064585
1.3843835397689601 0.524319106087735
1.3357068031716 0.50403483463179
1.28967198961367 0.48305421343230304
1.243776615776945 0.45959179594547794
1.20039987969712 0.43414291576158154
1.15914403602098 0.40582492269146053
1.1191889496584602 0.3729543932459475
1.0836445506796148 0.336975377985325
1.05249485499845 0.296946032167158
1.02657990219455 0.252317931180371
1.007817516390535 0.20469697032060652
0.997036622613555 0.15478488520108652
0.9949355905395401 0.10344802084316448
1.0018384188137701 0.052714665050774503
1.01778340937357 0.00313357583049718
1.041601127310515 -0.0425291478820184
1.072681769675625 -0.0843472970947965
1.1089550281373302 -0.120786630924494
1.150640719869625 -0.1530764748469135
1.1953371812347702 -0.1802533456049455
1.24160792879398 -0.20269176442630302
1.2907269895872902 -0.2218763139193855
1.338564015645725 -0.2371388574958435
1.38893794786988 -0.25051262394081053
1.43792530300128 -0.26161226560464346
1.4894671895849751 -0.27195395349904
1.53905018516017 -0.281196958598371
1.5909008263842899 -0.2906938294203255
1.64498336076547 -0.30100340967559347
1.695976048273885 -0.31162880800016646
1.7485174110182498 -0.3240185927448285
1.7968941351147152 -0.337174266771626
1.8460077150202452 -0.352702999863858
1.89549165950206 -0.37106201768646596
1.9448972971375302 -0.392688143068701
1.99369433653927 -0.41797503108416356
2.04127472067694 -0.44724905972235546
2.0817675707645646 -0.47662718144791494
2.12389904120316 -0.512763265079105
2.16225420988401 -0.5522044553507149
2.196662077098095 -0.5950574825781351
2.2268331938609 -0.641427881737655
2.252357939426595 -0.69143535003352
2.27070382873708 -0.739068036845295
2.2843407695447153 -0.78945307867574
2.2925201126374097 -0.8409746007068349
2.295051955255455 -0.892823262637355
2.29191800442209 -0.944255690165855
2.2832449270271598 -0.9945289337803951
2.269300393341825 -1.04293578603556
2.2478073706643 -1.0943711045120001
2.220862014934735 -1.14187650385679
2.1892959583833447 -1.1848752395988351
2.1539990711363 -1.222989570809395
2.1158658960464853 -1.25603587660538
2.0712058087866447 -1.2868042953050849
2.02516024638614 -1.311504848269795
1.9783180852012499 -1.330615666541465
1.9256123284921252 -1.345899507087195
1.8723566921253951 -1.355409110112385
1.8192342613156949 -1.35946603299047
1.76681967215394 -1.35847611881435
1.7155773382699249 -1.3529019598272949
1.66586557179202 -1.34323923043641
1.613683544308935 -1.328633681260115
1.56385039425573 -1.31042722032604
1.51647849047332 -1.289258802830945
1.47159077780879 -1.265734778036885
1.425706731673725 -1.23824565227829
1.38254117236719 -1.20930659863792
1.341899092776715 -1.179497405959995
1.3006845307314001 -1.14699755470755
1.26180601052468 -1.11459991284785
1.222367833576705 -1.08048817811389
1.184832492961525 -1.04739980279723
1.146463543881925 -1.0135812686580201
1.1071146450295 -0.979610538335025
1.066528951472695 -0.9460793087739899
1.02653766325641 -0.9152152095140551
0.98439348607565 -0.885639226503165
0.941635954747665 -0.85921943705801
0.89728170338817 -0.83601477148516
0.8493976288802949 -0.8160829019977349
0.8008752762281899 -0.8015727727800399
0.751054749292115 -0.792916612966885
