1.000003106362505 -0.00140224660450988
1.00441685495433 -0.052853264026862
1.01749084509357 -0.10508250419729351
1.0366256348946101 -0.15201680355383002
1.0634769902917198 -0.2005068769190595
1.0938374426223398 -0.2452236397456525
1.124906305133705 -0.28601712488644704
1.157162386019775 -0.3265274904454305
1.1894213135849199 -0.3677933804595335
1.2196421249614349 -0.40963289215833304
1.2469924925119649 -0.45312501523483045
1.2702387159404052 -0.4984614187948315
1.28974263762951 -0.550241870013205
1.301544622726565 -0.60203134056223
1.305463635735225 -0.65281737273579
1.300896367975025 -0.706708319136765
1.28781306877713 -0.7565383252867
1.26516585620711 -0.80529385903434
1.23552736899496 -0.84721528349852
1.19908558884172 -0.883254758536095
1.156763086925955 -0.9127075676945349
1.10971936969198 -0.9349812863676149
1.05914079600932 -0.949826376142925
1.006398796556865 -0.957336050178065
0.95339958300444 -0.9581224408125699
0.90095033620004 -0.953377495583575
0.84928702732414 -0.94444183524257
0.7980593740749999 -0.93265063899872
0.746059813094175 -0.919211406368975
0.69534861795457 -0.9063397509157649
0.641453340318905 -0.89481139023442
0.5915238392259 -0.887732048165855
0.54014572970204 -0.88551846076319
0.49004099729934747 -0.8895793239281049
0.4393116703428125 -0.90127384138436
0.39037373150550253 -0.92132711614325
0.3472723740668915 -0.9478140738366501
0.30824287858565447 -0.9807951297032901
0.27417830779081803 -1.018381719101285
0.2427754286828105 -1.061835200824735
0.21437044715625747 -1.10893298540086
0.1889198670018425 -1.156189442203865
0.16320062018950401 -1.2055855295945048
0.1390671627749235 -1.2499452543142051
0.1116243910133595 -1.29522535830106
0.0821492640720075 -1.3367279749087548
0.04618480530842555 -1.37806794982207
0.00616472563152195 -1.41398255326226
-0.037775256836160745 -1.44346462968576
-0.0850762843575595 -1.46557558661529
-0.134833919544492 -1.47954146251137
-0.1858831479417965 -1.48482461779549
-0.2368946114550415 -1.4811749677496049
-0.2864804998864675 -1.468656598660135
-0.33330398492857 -1.447645165067415
-0.376183708992906 -1.41879504815198
-0.41418549224666845 -1.38297986954752
-0.44669673353513745 -1.341212942343815
-0.47323907479072247 -1.295049636307705
-0.4938878532194205 -1.24633944088062
-0.50954802797177 -1.1961463682441
-0.52142209134038 -1.14509482545057
-0.53093044626499 -1.09321678186927
-0.53976650292495 -1.03952893039892
-0.54943440203407 -0.98569821037061
-0.5620428922246601 -0.9313543654658
-0.57833704028623 -0.8808770577808749
-0.599353913615875 -0.8342609012108151
-0.626590914766335 -0.790645194174005
-0.659655857312535 -0.7521795205256551
-0.7001376601234199 -0.71819828832194
-0.744684695935895 -0.691692933550905
-0.79098980584932 -0.6725348220315099
-0.839712664559545 -0.65902901270496
-0.893392968521605 -0.649751151382695
-0.943683917432215 -0.644553060370415
-0.99658246964137 -0.64095418054496
-1.0486928637170752 -0.637617171099385
-1.10236553208592 -0.6327191405950849
-1.1536508744760199 -0.62514605952061
-1.202932466169045 -0.613835814276135
-1.254489760605855 -0.596182290192985
-1.30248673524309 -0.5724995485386699
-1.345904265428325 -0.5426186338508401
-1.383649699126295 -0.506777998362725
-1.41466940052792 -0.46558716733715305
-1.43860429189955 -0.41858780563918296
-1.4532091687949449 -0.3704751539222675
-1.4593994109074448 -0.3182772827071625
-1.45606283278557 -0.264500726206428
-1.44397862687491 -0.213933748396548
-1.4227399853693101 -0.1634756458901015
-1.3947805711171601 -0.1179344025716795
-1.361245150285585 -0.07674889556398849
-1.323567181456445 -0.0398115202386367
-1.28298807579649 -0.00653449472472475
-1.24040493464766 0.02410378169636505
-1.19335755298803 0.056382705167736503
-1.1514773036235249 0.08773691538162401
-1.107162332298855 0.12485571423620849
-1.067397378045835 0.16281221576653498
-1.0295444211005251 0.204604074505577
-0.9963825805791149 0.247676594428885
-0.9690686658204299 0.2898371586488685
-0.9437207789318199 0.33738748228597404
-0.9227480860938799 0.3871187200805475
-0.90733834703538 0.435070988253013
-0.8953164052292101 0.487764292877866
-0.887906297771295 0.5408947075207801
-0.88478571267293 0.593620245234715
-0.88552469091634 0.647289654978925
-0.88998646146319 0.7024991235103301
-0.8982403767884749 0.760449573694785
-0.9085276965378251 0.813275039276205
-0.9220448223138501 0.870023325378515
-0.935884893846915 0.920769952726625
-0.9511531668224951 0.972062467461255
-0.9672576205065649 1.023186286829075
-0.98372249073246 1.07390198226752
-1.00038569370004 1.12487170323244
-1.017049307421565 1.176598944024165
-1.033469921871115 1.2294839349876852
-1.0493555922736149 1.283866339749005
-1.06435940433684 1.34004172046287
-1.07807197033874 1.39826478712725
-1.090014340441725 1.45874525405347
-1.0979237920401101 1.50886115517562
-1.1040267874463798 1.5605699851593149
-1.107970300404725 1.613884633455435
-1.10936941745467 1.6687755403944202
-1.1078097397138351 1.725162113991945
-1.10285169065823 1.7829032585352302
-1.094037164371135 1.84178729524483
-1.08089897076659 1.9015217032489151
-1.0629735188918201 1.9617233006606551
-1.039817102257015 2.021909716352605
-1.011025982114625 2.081493258177415
-0.985527204473515 2.1253709604633597
-0.9565545409689051 2.168188142423725
-0.924032263876135 2.20958115416351
-0.887927227562735 2.249158617325775
-0.8482557582427649 2.2865065425199047
-0.8050900139181749 2.32119515833758
-0.7585633722966849 2.3527874652016147
-0.7090628035920601 2.38075308341999
-0.6575568577768449 2.404442484405945
-0.604599732718505 2.42364642572722
-0.55072503625708 2.43827132859317
-0.496469129652079 2.448314281682195
-0.442351599952073 2.453859709262825
-0.388857822846706 2.4550712992665398
-0.3364248871799265 2.452180220938185
-0.285431640610728 2.4454709742032597
-0.2361930602309045 2.435266285520665
-0.17369312396873998 2.416822666520035
-0.11516625431344149 2.393624226418625
-0.0608492312342475 2.366499211632065
-0.0108259352939558 2.33622721218619
0.03530379395261595 2.3032377652313802
0.078018921206697 2.26771835313721
0.11731131029579649 2.23013993339276
0.15323339231601002 2.190939284904875
0.1858866617920715 2.15051374052574
0.21541076335874298 2.109218616789235
0.242348125071765 2.066742575985335
0.2733220307498335 2.025843408778905
0.3126876231082645 1.994072775964075
0.360110268999402 1.974149784092835
0.411243257920057 1.969165897889285
0.4624014109347595 1.979436344564125
0.509817600795655 2.0033214733013
0.5487636073212749 2.03494703203048
0.58383326364929 2.0739641639263597
0.613851640245385 2.114662898628295
0.642702370676165 2.15679617126883
0.67412038025982 2.200334627730475
0.7067911501976251 2.2385770345618097
0.74525800165398 2.273057175082315
0.78958453135344 2.3001037989855
0.838607882762925 2.316539148777815
0.890031979401295 2.3200287188809403
0.940586548381725 2.3093083110207497
0.98650265850968 2.284466213195925
1.02421921139024 2.247024700977965
1.05018491983911 2.201934868074845
1.064890356620845 2.1527702624816603
1.0699792809879551 2.101792002160415
1.06767798926296 2.05095273165293
1.060098977062235 1.9974100361140952
1.050685233439045 1.9452240801338099
1.042405375237585 1.891118230056255
1.039287723824045 1.83863687088517
1.04409586615376 1.787480274642295
1.059452443563435 1.73838386585827
1.087228729131075 1.6943802003361348
1.126392698037205 1.66045503953824
1.17226407523479 1.6402245855150501
1.223403115482165 1.6334423789005652
1.276056175921815 1.63995311830205
1.324154079554885 1.65611829611944
1.37367665763334 1.68112332071563
1.42062204532919 1.7097760522286851
1.4676797701421 1.73917820297723
1.51328896073577 1.764363579850195
1.562980500250035 1.7849343804740851
1.6156488671792602 1.7969295869544548
1.6691872344668799 1.797340008977335
1.72063629036118 1.784473827212965
1.7664205419913899 1.7580899586453
1.8028674193559902 1.71948796406616
1.825859479209975 1.674495604418975
1.8364484462385 1.6235826162434202
1.83463914162312 1.57344816176685
1.821685383969525 1.521497533136405
1.800133259293275 1.4723154270857202
1.773374208770345 1.4263275987282849
1.7448071012107398 1.38287426521564
1.716588069894755 1.33940809328257
1.6900635612337152 1.291492492016755
1.671418381818625 1.243528606345955
1.662150124688645 1.19160537790381
1.66564784280122 1.140980224576435
1.683275221594625 1.09267329546593
1.7142871343053698 1.05187022361749
1.7563481273371948 1.02145019489021
1.8055789388262748 1.003020917050155
1.85638881540166 0.99587697499366
1.90880690851743 0.99694719381096
1.9590661378250398 1.002930263502145
2.00961464348114 1.010825432960375
2.06290399238065 1.01787156290135
2.113260244466145 1.020414839458025
2.164861973260615 1.01617364274824
2.2150456221286148 1.00257645475574
2.26074790988479 0.978272692755185
2.298691243412915 0.94331945168248
2.325705595498295 0.899220915907075
2.33925977382545 0.8487769365261901
2.338007376107845 0.795625968346065
2.323110936917375 0.74578047706452
2.2975176020085 0.70133934043796
2.263994611919495 0.662648727955695
2.22548467414556 0.6294363814753751
2.181368282761825 0.59822665058269
2.13696842316895 0.569319599056425
2.0920124510749 0.538379164728015
2.05162683894835 0.504766130798695
2.01145487007716 0.45875007177640104
1.9726745902363898 0.413086150505241
1.932567822590825 0.37099904433618847
1.8915876698677099 0.332238258291284
1.850116517604545 0.2965288030807805
1.80847172256635 0.26358334975111897
1.766911930146205 0.23311150756618101
1.725643548671665 0.20482667430262352
1.676729153625385 0.173381052229614
1.6286651466444748 0.144226914908331
1.5815825965444301 0.116933610022055
1.53555204601082 0.0910977098587935
1.490590915912555 0.066339394988242
1.446667335444535 0.04229520145832915
1.39662155592269 0.0146665284684048
1.3476373069547152 -0.013080718644894301
1.2993058903211 -0.0416603413624277
1.25086867227776 -0.0720970063722785
1.20667501110679 -0.10178257231087899
1.16346634000741 -0.1307294999957905
1.11922194783257 -0.161328156132751
1.079101155548015 -0.19180816881746549
1.039572615079865 -0.226720716571886
1.004343405430685 -0.264941275541475
0.97350162112413 -0.308363510160864
0.9500794699879449 -0.353933190636294
0.9332655334619601 -0.4037461737747695
0.923877081423045 -0.4565417278165335
0.92180987273153 -0.510262354594575
0.9261598434020801 -0.56562035898316
0.935198241202175 -0.619345784259375
0.9466783796270899 -0.6704224605231001
0.960192010354785 -0.724787620507565
0.97267863995797 -0.777116284342115
0.9828611687212201 -0.828519298798865
0.9896512443399651 -0.8799174930025601
0.9919341013326199 -0.931383960844405
0.9887280734692651 -0.9824614771674851
0.9793197331790999 -1.03231080823322
0.96336753765074 -1.079843597911715
0.9377241016943699 -1.12906707774614
0.9046835273555199 -1.172249482628035
0.8655721056996051 -1.20812138446614
0.8220704175150949 -1.23592181542642
0.775964047184165 -1.255461485518755
0.723691922975275 -1.267905326148655
0.672104998120185 -1.271597057488795
0.6176365169854 -1.2671746659613
0.565208360470095 -1.2553664018044801
0.5148108712091151 -1.23739933945759
0.4665960342688325 -1.21458375233696
0.420172032611782 -1.188144703470815
0.37449274266175353 -1.1590363581744652
0.3317778330618435 -1.13056045283364
0.28854293692663 -1.102273742335385
0.2446682965886695 -1.07588284812162
0.1994438513202905 -1.052619632545075
0.1525561958573365 -1.03377990114335
0.1033589161730785 -1.02041329874418
0.052300179837740504 -1.0137745903585749
0.0005188269915198999 -1.014703686125595
-0.0504177298184485 -1.023227394068095
-0.09826790687708051 -1.038137568396715
-0.1443759030418335 -1.0587108743417502
-0.19025930180421552 -1.0847763313359802
-0.23721354845023299 -1.116135147105895
-0.281464643156291 -1.148317004788915
-0.3259255960457935 -1.1810532544049201
-0.3693011273275775 -1.211327481267125
-0.4134914947802465 -1.2388449930934449
-0.45930671575410154 -1.2627237265406799
-0.5069432984415 -1.281894374865365
-0.5561061449804401 -1.295308144455255
-0.6060852628365849 -1.30209909943637
-0.66200054582388 -1.301146099236605
-0.7159145307339451 -1.29092731009253
-0.76607492356442 -1.271918193927515
-0.8109699960399149 -1.24518187525651
-0.8495241025241951 -1.21219063218108
-0.884275028939905 -1.17020977012949
-0.9105112245034099 -1.1247524226207601
-0.92882367060955 -1.077701101077065
-0.9410854828982 -1.0252103642232
-0.946434919235065 -0.971872896689675
-0.945941377876965 -0.9184798360729
-0.940847071597965 -0.8653842829159
-0.93244846987139 -0.8123284251206699
-0.9229835848573049 -0.7631476474790799
-0.9125769678624801 -0.7104311777505601
-0.9040339959303599 -0.6608132086220799
-0.8977272715767249 -0.60608042500224
-0.8962664476187501 -0.55493984507839
-0.900658771286305 -0.502109875454185
-0.9118685811302101 -0.451234685623959
-0.930055003571615 -0.40321692854558744
-0.954459218069295 -0.35939817646863
-0.9856699150059001 -0.318225520969251
-1.021974701257365 -0.2812477450000945
-1.06167229436704 -0.2485149304342845
-1.106840000784185 -0.21698022754264498
-1.1518471272930149 -0.188784462640849
-1.19978033108825 -0.15988780467209002
-1.245138683733705 -0.131621819773907
-1.288262795290575 -0.1020824616343335
-1.328885135305085 -0.06997114620308251
-1.366202343228105 -0.03453232638390395
-1.39916974514122 0.0045238472470532755
-1.426693318527 0.0470287075764933
-1.44779306101338 0.09238219074139051
-1.46295893817069 0.1456052698735735
-1.4685858405338599 0.1994961180711145
-1.464814608556505 0.2522191856487865
-1.452381937742955 0.30208727649142747
-1.42986344747119 0.3525454573889535
-1.400098727711835 0.396704260298407
-1.36510885210867 0.4341422100575955
-1.32259234475183 0.46788903048918246
-1.2763953594307949 0.495244517251749
-1.227541459339815 0.516950441694095
-1.176979478480625 0.5339048475304751
-1.1251786643631099 0.5473119496069401
-1.067653204795195 0.560001758018585
-1.0157828858838551 0.57334734623158
-0.967405592107 0.588349771718425
-0.91430509619681 0.608265787150215
-0.868633677926475 0.6288700155591951
-0.824321397515145 0.652557719873875
-0.780104974062 0.680564332060405
-0.739756953150795 0.710750863787975
-0.702078067198045 0.7438473346046399
-0.666264996659865 0.780777693203785
-0.63165396075006 0.82292190451415
-0.6013113495982599 0.86665502085411
-0.5745136469326549 0.9122600846959299
-0.54986765740774 0.96196675496598
-0.52811736432386 1.01424446268736
-0.511308843717465 1.061961085878145
-0.495901692720197 1.113158740088755
-0.481650643376783 1.168708866272405
-0.47046049527641254 1.21906730403887
-0.45986146996440247 1.272836281675075
-0.450104300359225 1.327289562104045
-0.44074187051445346 1.382741547436975
-0.4313134930912155 1.43957617106675
-0.42134935774839005 1.498056290259745
-0.41034187234986896 1.558355612677555
-0.4004078309334935 1.607974512013715
-0.3891279791081995 1.6588333127577752
-0.376156493195394 1.71089950064496
-0.36112041241334547 1.764093873909425
-0.34362257753499603 1.8182828048234199
-0.32324713217535 1.873269571315555
-0.299568006333519 1.9287852561362349
-0.27216080221967803 1.9844798637207748
-0.240618446086403 2.03991451299675
-0.204570832765759 2.0945558185361604
-0.1743893234556535 2.134640802661625
-0.1413981561883295 2.1736265445540353
-0.10553249200930051 2.21118493024946
-0.0667694469265805 2.246963991458565
-0.025135236723886 2.28059332017718
0.01928821241998235 2.3116913891428448
0.066357728360397 2.3398748423046998
0.11586505966176949 2.3647696642269
0.1675354142219535 2.38602393034772
0.221029009311082 2.403321592726075
0.275946141817492 2.4163964955808597
0.3318360391755445 2.42504558594208
0.3882093901374675 2.429140144170765
0.44455401627298147 2.428633864632705
0.50035269913787 2.42356680791492
0.5551018161908801 2.414064624119115
0.60832925092422 2.400332963704345
0.6596100876062401 2.382647555175125
0.708578881142415 2.361340923955445
0.75493774997337 2.33678705449689
0.798460074080975 2.30938540360604
0.83899008089973 2.279545561299725
0.88823078452163 2.236666221402965
0.93195425889252 2.19108973171993
0.97027033601026 2.143652597591945
1.00340813520573 2.09508994534996
1.0317417815014551 2.0459107550412
1.055907811079965 1.995948548011945
1.076153172092205 1.94551913043761
1.09269796777294 1.89499240002105
1.105790922335425 1.8446838223271051
1.11569861479247 1.7948562617586599
1.122781217709395 1.744999307578785
1.134769032822705 1.6939927245732949
1.1593867304599699 1.647750509332085
1.195751087799155 1.6110790701496651
1.242161943704875 1.5866376120396999
1.292180431743505 1.576786620600245
1.34394763097698 1.5798628423830698
1.39763851367334 1.5947799931419548
1.4482597187519102 1.617569559680835
1.4964049301977949 1.64407188276476
1.5447276737115 1.67132108184548
1.591420426726565 1.69441708485238
1.6419835660819 1.71271207064042
1.695131660035265 1.72230113118944
1.74862307882082 1.7202762461871501
1.7994245376566749 1.70508346378274
1.84395331459582 1.67664547634785
1.8786001213193948 1.6364279840442648
1.89951772585129 1.59043969971971
1.9077784001462899 1.539099957712595
1.9036901802016701 1.4890957058511751
1.888386314310425 1.437782164604255
1.8646198332496648 1.3896239520374851
1.8357998603021048 1.344892369361025
1.8052929300326501 1.30277303648139
1.77513587820441 1.260619104836655
1.74646830796311 1.213922245532435
1.7257076596892449 1.16688493519418
1.7141224373151949 1.115448096041825
1.71534541614295 1.06472465655261
1.7307890055419999 1.0156784543754849
1.759943120687445 0.973526503670805
1.8006055485994399 0.94125129444143
1.848976575959545 0.920634243498035
1.899442162874545 0.9112236170050201
1.9518714690137648 0.9099506839525849
2.0023423139120853 0.913677459217055
2.053184499021615 0.9192953441369051
2.1067325169002453 0.92393773758064
2.157148572512075 0.92420998140467
2.208502006662565 0.9176456390907701
2.258015646080725 0.9017970255601251
2.30256841814213 0.87545429998305
2.33888874723167 0.838823386841355
2.363877982541 0.793550782069815
2.375134374162845 0.742548234423545
2.37147778359358 0.68951141623772
2.35434082740904 0.6403917087371951
2.3267612972978897 0.59715282636156
2.2915198271362702 0.560017040339615
2.25154451495002 0.5285792811891901
2.2060602973659753 0.49939515559284003
2.1603993320216253 0.47252330617046495
2.11409279079448 0.4436435027103715
2.07223432654726 0.41188671331904797
2.036244430219125 0.374701988956883
2.0088935108980452 0.331005339769591
1.99354312501195 0.2812651399861865
1.993254485461425 0.229467644708735
2.00771077519591 0.18151062737950202
2.03576730270661 0.138327752748284
2.07482008650838 0.10267831221946651
2.118459797305335 0.07662834425277
2.16956983653464 0.055378933100211504
2.2220209111340052 0.0384184928755936
2.27504686516208 0.02193195866661355
2.3239385603473197 0.003822075818968475
2.3720186415568603 -0.0203773664816535
2.4155593658726398 -0.0524264035707815
2.4508977500265 -0.0927026572621975
2.47481427982849 -0.140074547450712
2.484786941507355 -0.19199341011044052
2.47939746394273 -0.244827728408535
2.46036619846736 -0.2916472301255575
2.4287425688815 -0.3329330055634995
2.389618566965365 -0.36430273438931604
2.34184162196395 -0.3884124534952055
2.290543343849265 -0.40419158538938105
2.238259609720645 -0.41392454326897354
2.186716723638045 -0.42061053403739396
2.135426224194125 -0.42753474500787253
2.08201049545094 -0.43855925820903446
2.033147676946815 -0.455722900682456
1.98627722759 -0.478156051096368
1.9316486406816602 -0.501043578641865
1.87749173020873 -0.520303024875795
1.82407537678973 -0.536352430957775
1.77159845294377 -0.5495978275440699
1.72019985961732 -0.560425963027265
1.6699678389185901 -0.569199617045415
1.61129138594187 -0.57748748202939
1.55437277236697 -0.58382795378287
1.49916729243051 -0.5886931097442549
1.4455827046352598 -0.592502180422185
1.3934861543882149 -0.595627152860825
1.34270658571775 -0.59840017329385
1.284841771648515 -0.601591822666885
1.22804407292044 -0.605164161588065
1.171710342230055 -0.609573985069955
1.1148900499830101 -0.61536246300767
1.064440701130915 -0.62203388427359
1.011008827974225 -0.62996988066316
0.955754801698465 -0.6381967976849501
0.9049784022316449 -0.64736423398599
0.853333325595415 -0.659964632435695
0.803656938516365 -0.67695209698177
0.75671027591604 -0.69928894118562
0.713076064684925 -0.727726508144545
0.6740215468466351 -0.7621407984116451
0.64068661868668 -0.8014729522967199
0.611792136385235 -0.84719248887781
0.5902275133947901 -0.89262504003729
0.5721482518997301 -0.942515502961245
0.558340702864645 -0.990663539116315
0.54547740668216 -1.043261499954805
0.5327041286497 -1.097746296022285
0.519392302652935 -1.1494071902887
0.5038588421832351 -1.199340466912585
0.4848726148980315 -1.24754294876268
0.46155449771936546 -1.293408385208995
0.43340537585656547 -1.3359984023746452
0.40035194494632054 -1.374222439776505
0.3577750659416895 -1.4106649500120452
0.31057938091228154 -1.438930305289315
0.2603460260261425 -1.458196556799985
0.20887924194546098 -1.46822760935604
0.157945213661365 -1.46937696720919
0.1037989105822515 -1.46127209988822
0.053658096080580996 -1.444849805486225
0.008353884159079599 -1.421891664174505
-0.035952464331670146 -1.3908606375740349
-0.0756152327674675 -1.3545925005339101
-0.11095600226376401 -1.31433735622722
-0.14265819966141452 -1.27116982243113
-0.171860037493352 -1.2257383523212648
-0.197682093153938 -1.1823890108191901
-0.22524563303139197 -1.1355173561973149
-0.25208932797107353 -1.092258563065075
-0.2837167398689575 -1.04704632324261
-0.3163157158088815 -1.0079421562775799
-0.3546955686492575 -0.970995700856325
-0.39697093975111447 -0.939902311961845
-0.442667263236965 -0.915489528001135
-0.4903453123756155 -0.8982865922092349
-0.54153526376598 -0.8875028458884501
-0.594004943811385 -0.883189828659545
-0.6461402353992 -0.8842619196857899
-0.701573139466645 -0.8896731473448449
-0.75467199132735 -0.8973382806002
-0.8101441394896449 -0.9060920133721799
-0.863177321112755 -0.9134560536120849
-0.9153296871507051 -0.918239563757615
-0.9671688555431499 -0.919298185735445
-1.018526455144095 -0.915571573944035
-1.0687639420001 -0.9062124332259399
-1.116925457335145 -0.8906997487757801
-1.167218273280535 -0.86576345134457
-1.21182976862583 -0.833384061223145
-1.249366923025385 -0.794662648333615
-1.27887915607768 -0.75114921138624
-1.29997140634951 -0.70460565075962
-1.313742198872435 -0.65143356386333
-1.318195710809925 -0.598680837663525
-1.3146428894837752 -0.54784096122143
-1.303176690949125 -0.4948922604230395
-1.28501479681592 -0.44429057175382247
-1.26142494899693 -0.396185453866573
-1.23367009558612 -0.350392727558421
-1.202805680796915 -0.30615468841898996
-1.172562906549595 -0.2659944012209975
-1.139846299389125 -0.223282998983705
-1.1100637761646799 -0.182699171324246
-1.07940067890795 -0.13600930956026752
-1.0544378561333452 -0.09005904501647401
-1.03527791391998 -0.0437610170048839
-1.0214151619472251 0.007203458752146399
-1.015074690586415 0.0585260928492745
-1.01611734262294 0.10871272063835899
-1.02423486681323 0.1593718769895845
-1.0384780510471099 0.208147297863689
-1.057716460005365 0.2551932908881315
-1.08254091138583 0.3041197803622095
-1.10877774986837 0.349734483199106
-1.1378222872917498 0.3979077839004085
-1.1652005574887299 0.44449146973451653
-1.189988158742985 0.490840932617846
-1.211436851411775 0.538153804463685
-1.2285247234898748 0.586816557720425
-1.2402054868017198 0.636669500501825
-1.24558018893017 0.68711385440482
-1.244032396506505 0.7372113869934249
-1.233733018514695 0.79171725949665
-1.2146645401369551 0.8425939525521751
-1.187732358235645 0.888274075463165
-1.1543126013365301 0.9275725455382251
-1.11603520463731 0.959812943058125
-1.06981800756178 0.987190406252625
-1.02167592844634 1.00611795979427
-0.9683440304683749 1.018284858550015
-0.9147032706730849 1.022910415375415
-0.861098005959275 1.02116091461889
-0.8080199635200049 1.014232714243855
-0.7553996232390949 1.003396759761935
-0.705900151045445 0.9908784150463349
-0.65297735589741 0.978608861697535
-0.6024603153928301 0.969401283469385
-0.545590919272375 0.962342279282675
-0.4939418205554045 0.95928954988978
-0.442744902422976 0.95971073864436
-0.389945550793649 0.9640331393974699
-0.3398117344282245 0.972070238145365
-0.290870275695022 0.983883846770795
-0.24196448448798852 0.99988637586255
-0.19189144421812349 1.020935148101335
-0.1450809553561745 1.045187870692565
-0.10069778953215 1.0725428769922
-0.05542880299136051 1.10507569689312
-0.01173685759769645 1.141116286589025
0.0253120347367574 1.175337669344315
0.062627693463164 1.2131881325868599
0.10082467840621949 1.25530426710844
0.1338334415079335 1.29420565953419
0.16813836980694402 1.33672542506838
0.20215278312347099 1.38049841509026
0.2361617689155135 1.425273203490285
0.2707740733564695 1.4712046545299748
0.3065371093696605 1.5183276777171302
0.3439838446183985 1.566577797742595
0.37551851693642446 1.6058866467382849
0.408765361740622 1.64568952714581
0.44401487696721303 1.685807377138025
0.481560535161519 1.7260082024990702
0.5216931112838801 1.766001644424815
0.564692336953605 1.805433800597605
0.610815740342855 1.84388291574242
0.660284588030175 1.88085668644814
0.71326697596555 1.9157920783666849
0.769858337005465 1.94805871463278
0.8300599629263701 1.976967031863585
0.8775160916512201 1.996003620570655
0.9268422736682149 2.0124185894681
0.9778913651605651 2.0258911320206847
1.030464135947895 2.0361077215745
1.08430699428957 2.042771737814165
1.13911161729782 2.0456142985241597
1.19451699224876 2.044405907595355
1.25011430813469 2.0389683279844997
1.30545498699009 2.02918588765783
1.3600619006157548 2.015015265237995
1.41344348802691 1.9964927273496698
1.465110105430755 1.973737848426465
1.51459156430079 1.946952967220685
1.5614545238641448 1.9164180209641049
1.6053182813490452 1.882480902645175
1.64586759909897 1.8455440223829052
1.68286152465727 1.8060482121446402
1.7161376430835251 1.7644553966721048
1.7456117511673 1.7212315076040352
1.7712734489668702 1.676830946794975
1.7931785146391999 1.63168356689425
1.816742261350885 1.571002813762655
1.8342188470139298 1.51051376403429
1.8460928740160298 1.45089465627136
1.85290516551654 1.39268030673558
1.8552186917157498 1.336118811656025
1.8535117347309449 1.280769511704605
1.8481455927393298 1.2268168801862651
1.839484105163685 1.17448270611347
1.827890859177415 1.123928116232485
1.813720690770475 1.0752601404520399
1.797129621202605 1.0266831704640649
1.78789675266267 0.977049536105745
1.791669322555515 0.9248650067782499
1.810355392015385 0.8758257993981051
1.8417180496855299 0.8354485008591499
1.8846420682759402 0.804187712522325
1.9315016835369998 0.78505685259977
1.9829407060525799 0.774678569217785
2.039575405363 0.77107752284164
2.093819755379165 0.7713559636216749
2.14877776022464 0.7716048282653649
2.2000661946702698 0.76864714254456
2.2521522868290598 0.759455971527585
2.302193395156555 0.7414620118477451
2.3469736007674546 0.71333641145528
2.3831844498936503 0.6752210231642201
2.4077298151171798 0.628745332516105
2.418223317812075 0.57684105526328
2.414227890741755 0.52648346659163
2.39680049369844 0.4773025959839215
2.3692480439229597 0.43484750404898503
2.334176336079825 0.39875622519351
2.29102374109854 0.3664361359395215
2.245011178887455 0.3391867549672925
2.198498193223305 0.3146072425103045
2.15128839934581 0.288850032916599
2.1077276079830147 0.26056228112664603
2.06858661761906 0.2267057646202955
2.0371669726288 0.1865451701778135
2.01638588387958 0.1403854565490805
2.008913431671785 0.08893864275065551
2.01693003409332 0.0373282720475206
2.038138750529625 -0.00797952993408595
2.072692404594455 -0.0494772925556619
2.114796389915105 -0.0823085358462395
2.161903821170885 -0.1086653796430195
2.207658715147605 -0.129360535953765
2.254191222198525 -0.149111749209784
2.30224896528178 -0.17150071092805702
2.34948095705533 -0.19926931066283998
2.3886934134003748 -0.230870475373448
2.4215951081548903 -0.2694612425815745
2.4450954323219447 -0.314428695591154
2.45660597281198 -0.363940775614259
2.454370790152995 -0.415088972368863
2.437826337947885 -0.4643015445741245
2.4077845607353003 -0.50799976750631
2.3680132080847747 -0.542191174513085
2.3220085745817802 -0.56651638938192
2.27240857041917 -0.582123771341215
2.221534553053315 -0.5909565279928499
2.1711325681654 -0.59563856345101
2.11690617044426 -0.59940386201928
2.06323198266415 -0.605287396066935
2.0133229920741598 -0.6160069193671099
1.966457072375405 -0.634163217940495
1.922923696054005 -0.66295246664627
1.8884765620268802 -0.7020568545261401
1.86734893275006 -0.747469227130815
1.8598864253797402 -0.798558338382455
1.866322325470905 -0.848531391832565
1.88448357595468 -0.8964205091712101
1.9123175069275948 -0.9417449440612
1.9484110476848748 -0.986022550397055
1.9849703703769102 -1.0253893964267848
2.022056548934425 -1.065667757494505
2.0542139308507847 -1.10550018421591
2.08219728900323 -1.15013638431823
2.1022354909378103 -1.19916849692213
2.11122753508025 -1.251091234379505
2.107087258719485 -1.30335061919636
2.08896435365195 -1.352560818120895
2.05744208231139 -1.394999405975885
2.01739892240858 -1.425692155166955
1.969216988712395 -1.44569113744648
1.91915274776097 -1.453724746305435
1.868747762387675 -1.451938173468255
1.819555061181175 -1.442664427739405
1.7684638716282102 -1.427339879426135
1.719065117027485 -1.40973454991161
1.6686576146467051 -1.392349798571135
1.619145545019125 -1.37917784336412
1.5662631087614 -1.372529357508925
1.514671987747205 -1.371774567555435
1.455148444301525 -1.3679146667388848
1.39764153286875 -1.360959493357385
1.3422109829464601 -1.3514008789432101
1.288857743228135 -1.33969005336927
1.237536144349105 -1.326235181084105
1.18816430916082 -1.31140097395948
1.14063277333979 -1.29550977296356
1.08583969172722 -1.275439528203115
1.033254600851325 -1.254667776647425
0.982599717592905 -1.23354042780855
0.93357670629428 -1.2123405118921
0.8858645223754751 -1.191295321081405
0.839109800818945 -1.170582406134125
0.79290531960126 -1.15033347669922
0.74674548389244 -1.13063422031542
0.6999284575343501 -1.11151461145267
0.65130327424612 -1.09291061241153
0.59861914006171 -1.07457957844987
0.55100645078136 -1.058482361766085
0.499834491456849 -1.0410827743620001
0.44921378487603897 -1.02537287315665
0.3981936894282245 -1.01257217247926
0.34607883651258653 -1.00395054754093
0.2926650410080105 -1.000865079453135
0.24230504221170798 -1.004067056854675
0.1926837982943455 -1.01364214163121
0.14196959312763752 -1.03058776460907
0.09573489785768349 -1.05277063970485
0.0526541081284415 -1.079392356741395
0.00899723101210365 -1.111964742659165
-0.03009284596408815 -1.145092375377635
-0.07071416395328049 -1.181927935625775
-0.1078099042778855 -1.21591964491641
-0.1490502857417435 -1.25202171667532
-0.1907577768931415 -1.2849931375095252
-0.234102218294793 -1.31435903708128
-0.2795259546343225 -1.33926281843097
-0.32695378205555753 -1.358758609472005
-0.37588187710542253 -1.3719930697649398
-0.431658388795229 -1.378633124871625
-0.48672710606430797 -1.37617684640083
-0.539440612906175 -1.364825224747615
-0.588283151178545 -1.345337070841685
-0.632069480029625 -1.318898131660805
-0.6739049786262 -1.28310497027561
-0.70824363240291 -1.24249544574305
-0.73533724908357 -1.19887634826525
-0.75767261505691 -1.14891759717972
-0.77362659803013 -1.0969078198496
-0.784179049873575 -1.043491579486615
-0.79046739835468 -0.989009970553745
-0.793596570442845 -0.9382103478088399
-0.795446786500125 -0.8847046233641651
-0.7973826163772 -0.829557593255905
-0.8008098638555049 -0.7770636866820501
-0.80705841882948 -0.72617947309444
-0.8176309269051499 -0.675219533399115
-0.833915865409905 -0.6245884895749849
-0.8550474391612599 -0.57884978729179
-0.881954081848825 -0.53595747590344
-0.9162807202508001 -0.4945662433251285
-0.95408141505697 -0.459107666849472
-0.9952584422480051 -0.4279811407875765
-1.04176198435475 -0.3987638705677265
-1.0870041764331702 -0.3739669324602285
-1.136268456822015 -0.3488900063354405
-1.18105316251062 -0.3262014490317375
-1.2290626523793748 -0.3003039073505215
-1.27435676478537 -0.272685680356091
-1.3168066277557648 -0.24215784386387149
-1.35572508359235 -0.20805599771474798
-1.390184647218455 -0.170165214954477
-1.419212115823075 -0.1287019135656035
-1.44430913791475 -0.0785578930510275
-1.4605833695877402 -0.026009166538865154
-1.467696010960495 0.027313737684611
-1.46587604805897 0.0797306406517015
-1.45585836816628 0.12973997715032598
-1.43645720071699 0.1810874856038625
-1.41006142727416 0.22706454457679448
-1.378440876455145 0.2673204484699395
-1.33925287318444 0.305403956165405
-1.295944481574915 0.33832189186315903
-1.24948605642855 0.366745352102914
-1.20055822178773 0.39165176935156
-1.153942494867585 0.412441590647367
-1.10415771797649 0.43318588772731303
-1.0523417607325751 0.45498655155256945
-1.00491255052297 0.47683310063424156
-0.956903458019825 0.502678679154935
-0.9145910495281051 0.530470476596985
-0.8739952297399951 0.563882757703065
-0.8393821715068899 0.60032200801184
-0.8093457690070149 0.6413852336980901
-0.7850187475436899 0.68550914315451
-0.765414242503345 0.73411327556164
-0.7509959989298151 0.784780269474455
-0.74043692740133 0.8390289563156349
-0.7334297086910351 0.890514818200495
-0.727432489531775 0.9459204475091599
-0.721152609051815 1.002471335682005
-0.713414739760745 1.055990638182995
-0.70280607480679 1.10774499820956
-0.68823818951991 1.15781847373914
-0.66892081698963 1.205691617194975
-0.6444127716165899 1.250511331014885
-0.61466864763436 1.2912683524062
-0.575410289963615 1.33101167137158
-0.53104698945944 1.363126461917095
-0.483055495257873 1.386820144810865
-0.43311015621007 1.40182742633048
-0.3828499660651505 1.4084109975737351
-0.3283417373648985 1.406708051183795
-0.276610111030673 1.396844020391185
-0.2284984072258225 1.3803652598428848
-0.1796615719268685 1.356133117266145
-0.1341136255665415 1.326397455123465
-0.0915800743700405 1.292316761822595
-0.054889653439542 1.258348102503645
-0.01435241805308805 1.21713942946027
0.0244578503118915 1.1790754907123
0.0631013330178435 1.144596147773
0.108051206967349 1.1087972378081499
0.1540855651215475 1.07681659564917
0.1972896444423065 1.0509235551319
0.24492882895530999 1.02674138266893
0.2930220441393645 1.00668705668495
0.342806995257415 0.9902260342278
0.3956259607007925 0.97719988330379
0.446601043687166 0.96864062938174
0.503583976174125 0.9633684761913999
0.560304200302865 0.9622422013480451
0.618237057972675 0.964930477077235
0.668989797770415 0.9701426285633901
0.72163649134423 0.97803831286947
0.777022957765775 0.9887057262328399
0.82594547050894 0.9998102814983101
0.87804363453453 1.01301613394855
0.9328010479822799 1.028028056311315
0.987775375661865 1.04383205602962
1.04355718078095 1.0601702243080848
1.100698612801885 1.07676590230248
1.159642212128945 1.093272344481345
1.208347104582655 1.10612976071008
1.25861331502793 1.1184008193088
1.31057931230013 1.12978585167441
1.36435360513173 1.13994256226798
1.420008990790145 1.148485058219715
1.47757391801924 1.154984271759095
1.53702201650998 1.158970525782355
1.5982601675712 1.15993885383904
1.6611156486224299 1.1573577316173052
1.7253231194376748 1.15068188165128
1.790512526320995 1.1393697442972
1.83976201143327 1.12753135463971
1.889045143532875 1.112595171649115
1.9380751059107648 1.0943867669096998
1.98652828085392 1.072764424415475
2.034047397387785 1.04762773023766
2.08024672537674 1.0189261378786099
2.124719508860155 0.9866669729172
2.16704768803902 0.9509222210291851
2.2068137549957 0.9118333627692851
2.24361433201967 0.8696135085641951
2.27707477916996 0.8245461794779849
2.30686387358721 0.776980294163675
2.332707414875075 0.7273212582538451
2.354399557539665 0.67601847579953
2.371810794491645 0.6235500470653099
2.3848918202691953 0.570405795902285
2.393672948144965 0.51706999823684
2.398259260542715 0.46400520602356804
2.3988221378518046 0.41163837288867
2.395588149121975 0.3603501351337835
2.388826448564535 0.3104676667977305
2.37484238184275 0.2466030563853105
2.35587059004864 0.1861937289184175
2.332671323876885 0.129552470404677
2.30597899247492 0.0768425798410825
2.276477306143715 0.02810301393308945
2.244462866621785 -0.017147893912207703
2.21016512773899 -0.059246697769614
2.17400320522801 -0.0982033440719465
2.136364204245705 -0.134078163919109
2.0975994500546298 -0.166972035579002
2.05716087823481 -0.198219689253349
2.021197376618955 -0.23590010128199249
1.996192499218365 -0.2817851282915985
1.98555689698992 -0.3309367556498695
1.989518033220385 -0.3826984814503735
2.00684730143091 -0.4304067625670225
2.0352960308298753 -0.47367751602582847
2.07271476514489 -0.512422564938285
2.111688352380705 -0.54386938423814
2.15613586479956 -0.575413383331395
2.200935509418365 -0.6072598073433799
2.240818290635275 -0.63951884245041
2.2777224241516647 -0.6772710822212901
2.30789479863904 -0.720968724508705
2.32797044174011 -0.769846648073115
2.335341182624695 -0.82189405920409
2.3284221414088053 -0.8740155477473
2.306950848767115 -0.9224673364803151
2.27458121546958 -0.96132503022732
2.231935985400015 -0.9915193711338199
2.18491561739344 -1.010424748349635
2.135423952098495 -1.019853213443775
2.081485010287095 -1.02162702072407
2.028074079064625 -1.0176829409981551
1.9756437129167899 -1.0113272276768002
1.9214332161432999 -1.00560548684614
1.8685658731995598 -1.0042935832805848
1.8155460532473249 -1.010654504091045
1.765733734122665 -1.02735765134649
1.723440523587265 -1.054508402094095
1.6889437121990798 -1.0938252077486201
1.6680839118571449 -1.13945631979898
1.6603315776189 -1.18987334774515
1.665156560424835 -1.24093199391544
1.681206441675195 -1.293014593809015
1.704902616682005 -1.342389109338165
1.73331925026345 -1.39101754854793
1.761986857931765 -1.43878096687348
1.7863095578864499 -1.484614276359195
1.8060636994963652 -1.5342985614566549
1.8174735980346353 -1.586859661822795
1.817587708362505 -1.6403061149719051
1.8046815858680252 -1.69177614500081
1.7784319940914 -1.737782219160995
1.740019335583855 -1.77472128824057
1.6951236743002749 -1.7984513366661647
1.644116114717925 -1.810039460461925
1.59373584594299 -1.809385857692385
1.54480768422262 -1.7989680690573302
1.494855497012485 -1.7796385754667299
1.447732795280805 -1.7550252901964651
1.40272024169708 -1.7283427232477901
1.3568182271203901 -1.7015505524317949
1.311182754815045 -1.678911941810925
1.26346675836941 -1.66230991523561
1.2111910571073499 -1.6544918071558299
1.16012402518836 -1.6591574337742199
1.1115117909076901 -1.6778467433076698
1.0705700348582998 -1.709760369041635
1.04005892089021 -1.75256344127846
1.02145785783551 -1.8023868026083751
1.0139490364891801 -1.8536670715936752
1.014366192543755 -1.90674118774498
1.019376406993185 -1.95734943373294
1.025891575013045 -2.0080050625847052
1.031117378627945 -2.06101950581815
1.03151136301588 -2.1160464668256003
1.0246470591359 -2.16618487735673
1.00862288615992 -2.21456900586626
0.982314570698545 -2.258238853823295
0.9459063872581799 -2.29402945765991
0.90094244527972 -2.31892227157464
0.850163515778655 -2.33056387711264
0.7970445762205449 -2.32776539100476
0.7471130569773899 -2.3117090169145547
0.702430577493615 -2.2852407703506303
0.663327669948895 -2.251181115273415
0.629354072371775 -2.21247969610864
0.599187866318875 -2.1719382347054
0.567863885720135 -2.1275344111722
0.535133250530565 -2.084633283640875
0.5001113495294199 -2.04716863101883
0.45536189165126595 -2.01223141483324
0.4074399606030985 -1.975391749173625
0.363042820636457 -1.9369763308863799
0.321950578015466 -1.89745101554759
0.2839127792655935 -1.85721280271794
0.24866107662932652 -1.81659436158168
0.21591905182376497 -1.77586946879889
0.18540959025775 -1.73525882014696
0.151361976049314 -1.6869179376499548
0.119681644074491 -1.63920978399692
0.089933396301282 -1.5922797470784649
0.061702190154971005 -1.54620698151876
0.03458871051035375 -1.501010212170355
0.008199930463638549 -1.456648831099775
-0.01786769313852945 -1.413016572790815
-0.04405839748711045 -1.3699215289471751
-0.0709166512554985 -1.327036139721905
-0.0992257730892795 -1.28376557288043
-0.130433333023193 -1.23881399627238
-0.1629314727702005 -1.19475949904382
-0.1938553533207445 -1.152615146040935
-0.226251185681473 -1.109928205775365
-0.2584959371853555 -1.071039996476995
-0.2949620444496275 -1.03276737051123
-0.33437537758616453 -0.998496349734525
-0.377017264677466 -0.9690880750067601
-0.4220539273392365 -0.945571937227565
-0.47142861761488747 -0.92735021038957
-0.5235843170738901 -0.9152899950019251
-0.575876160823175 -0.9092908763515901
-0.62858992029274 -0.908126686045585
-0.6791885896308749 -0.9103852186531951
-0.73276649719651 -0.914969699529385
-0.7827123071033449 -0.9199332749011949
-0.838829528631105 -0.92471069961046
-0.892671371110375 -0.9269991848937901
-0.945438838969635 -0.92572778571516
-0.9972226833006801 -0.91991791255388
-1.047551531771615 -0.908793839922225
-1.09561189005254 -0.8918795098705949
-1.1404079022825901 -0.869065657399335
-1.185623637565115 -0.83671153296948
-1.224116106283585 -0.79819296413094
-1.25496350167903 -0.754879217880695
-1.2777319193754901 -0.7083654913025901
-1.292491526808665 -0.660252814208885
-1.3001197347828302 -0.606637754437005
-1.299606072606705 -0.5543046678155951
-1.2922943076478899 -0.5042262189926799
-1.2777723493230648 -0.45154117642965047
-1.257506724579705 -0.40075931014156446
-1.232645167728065 -0.351726577683571
-1.206855098809015 -0.3079937264893135
-1.178371867692035 -0.263637510572737
-1.149768517422145 -0.2203169158630645
-1.120975126664045 -0.175283629414994
-1.095359814744205 -0.1312684616152675
-1.071696729333485 -0.0833376409521505
-1.052983614137195 -0.03434742553692025
-1.039992493325215 0.01587810198688145
-1.033369902245495 0.066239549518606
-1.03320095945307 0.118769088805465
-1.0397434381027 0.17168678171507298
-1.05196453580109 0.2225003601574255
-1.06884654556738 0.272036052234672
-1.08833398351677 0.3186417376728285
-1.111065146224705 0.367162854353634
-1.1329660291719201 0.412121671733858
-1.15708165224222 0.4632488334280215
-1.17808453335675 0.5129690911275
-1.195418852036025 0.5628710257482
-1.20820476515179 0.61341939293672
-1.215546679836695 0.664467967028165
-1.21670379158334 0.715438458603495
-1.211210795868925 0.76544752472012
-1.196954664167915 0.81924039143872
-1.174550945397635 0.8689366838642449
-1.14494150880157 0.9131826489444149
-1.10945814355947 0.9509969854750899
-1.06962290634079 0.9818669988522499
-1.022091406919545 1.007983855421605
-0.9728682706104401 1.0259875562940999
-0.92335193418012 1.0367882062466
-0.8689153832586649 1.041703364117125
-0.8142563633722901 1.040529074725595
-0.75964487748257 1.03439176982478
-0.709710837312285 1.025490904697675
-0.658338182897245 1.01425067001133
-0.6081137595763401 1.002528512540175
-0.5560735222159 0.9911070999315299
-0.5056125122323201 0.98215598274942
-0.4518302722789095 0.9763434427815
-0.3991703989949305 0.97560333691948
-0.34745550144737447 0.980661607664145
-0.297890093083127 0.99172855532175
-0.24858456098955953 1.00956309314485
-0.2013091046544655 1.03376927551462
-0.158076752675799 1.06248039542805
-0.1176757452521185 1.095079221223155
-0.0807194960124005 1.1293265299023552
-0.043170780534782946 1.1672809543796299
-0.00363442331608894 1.20858694095564
0.0358406316025914 1.248665682100145
0.0752492099185065 1.285384640472865
0.11617694806369949 1.31869308832641
0.159318186364441 1.347900761730555
0.2048111718871545 1.372110402784505
0.25234071687077797 1.390432757381045
0.30121597205123 1.402140751172245
0.3565978573553465 1.40685720809559
0.41086093201886104 1.402520466692285
0.4624161272508145 1.389578808699405
0.50990084077463 1.368967608185045
0.5523331432902949 1.34195187749518
0.5929164936952349 1.306133397219445
0.626485786313095 1.2660147683393599
0.653434474218745 1.2232042491990849
0.676616603373345 1.173716348865325
0.6942098823740099 1.121946171509
0.7071895621804101 1.068517782682865
0.7160352301666599 1.0185062456005851
0.724227938695415 0.9627874036138999
0.73390764327213 0.9101756129560099
0.7456588007938649 0.860129030340165
0.76113945768765 0.807603307638485
0.77965335664792 0.7569238054728851
0.80233013017027 0.706144436465315
0.8275136000728249 0.659329589085905
0.85579451278088 0.614985863447745
0.88796709909916 0.572072467958865
0.9252416240174 0.52965777737427
0.96430196098964 0.491482817864637
1.00527087789679 0.45669901324894546
1.045357218197145 0.426742975909918
1.08734660563358 0.3988098634135775
1.131906755672345 0.3722614148130655
1.1797140618575601 0.346602928449236
1.23151048288996 0.3213818298761555
1.2783269158865749 0.300349982802665
1.3290432144073852 0.27895096475291997
1.38232403959619 0.2575204589704295
1.436181731116095 0.23646178037584148
1.491039301173255 0.21515961704459752
1.54713445910995 0.1930564445854745
1.60457952227142 0.16959784236200498
1.6515180101110651 0.149466601432354
1.69928782649889 0.1277833946892665
1.7477968511775948 0.104220007041809
1.796901351728285 0.0784340315384055
1.846399939631145 0.050072908224305504
1.896027021302395 0.0187806320026493
1.9454463609269599 -0.01579262406810065
1.994245490649575 -0.053977742888432004
2.041931868711095 -0.0960706186975115
2.0879318786227197 -0.142312877656497
2.13159395306468 -0.192869701319957
2.162374814800615 -0.23366201123980052
2.19111133405033 -0.2769019637867935
2.21746685154152 -0.322525827827145
2.2410999224005 -0.370419095722488
2.2616728948076448 -0.420412358032482
2.27886198150511 -0.472278741142782
2.29236854607794 -0.52573344962077
2.30193112719851 -0.58043592408014
2.307337515803095 -0.6359950158162649
2.30843601614515 -0.691977377727225
2.30514490574663 -0.74791897898696
2.29745910731218 -0.8033392937240149
2.2854532319445098 -0.85775734271789
2.26928045463651 -0.910708452930305
2.24916710889089 -0.9617604171642951
2.225403368328495 -1.01052774038985
2.198330827301675 -1.05668286469724
2.1683281112148 -1.09996363614348
2.1357957824827 -1.140176737624155
2.101141748878415 -1.177197268757345
2.05232879043865 -1.221496262729095
2.001360046635265 -1.2600346281202799
1.94905322576972 -1.29297830366756
1.89612074480847 -1.320607033814475
1.8431618491765502 -1.3432788688716901
1.7904586021816702 -1.361461815084375
1.73775619710717 -1.375688651141135
1.6853526201166251 -1.386225272407315
1.633535020238615 -1.3933445165962248
1.58253717836547 -1.397332918782815
1.5325432690006902 -1.39848193744716
1.48099463096057 -1.404062544284395
1.434082348241645 -1.42150553892824
1.391998558396855 -1.452661700383225
1.36183108594707 -1.49312322108473
1.343487724431255 -1.54139871660942
1.337461618947035 -1.593582166682125
1.341493467706995 -1.643562933353015
1.353522213837485 -1.69716793278292
1.370166924108285 -1.75076958653352
1.387232334549095 -1.8037214935727701
1.4004770076656101 -1.853854009787095
1.408363368981985 -1.90670055800034
1.4074426416424202 -1.96043719536795
1.3953071796564749 -2.0124445054665303
1.37094359167479 -2.05953888321546
1.334844928583635 -2.098250229287215
1.28899314056228 -2.1253431487011953
1.23987004979982 -2.13809530552939
1.1875881813436702 -2.137630674103515
1.13870266007404 -2.125391935206295
1.093473881293975 -2.103977845774315
1.049297958874605 -2.07365113048419
1.00909407346146 -2.03884090966905
0.9714248104162 -2.0025222349861798
0.93292638475166 -1.96592323123808
0.8937469129907599 -1.933452203143895
0.85107434669107 -1.9063360994128948
0.8019893854726851 -1.886771580745355
0.75123901907249 -1.8796507607333648
0.699679685368175 -1.8867484157918848
0.652571863900375 -1.90847567159654
0.61314090190322 -1.94318873125993
0.583714063095975 -1.98745902759124
0.56476586501631 -2.035686748239745
0.55314880599827 -2.08745099892237
0.5465768612635 -2.13786568703237
0.541473656592315 -2.1886831838283998
0.534591852584705 -2.241530558385635
0.52255132492349 -2.295261901870345
0.5045389817026 -2.342588800974605
0.47799220261778197 -2.386128504395575
0.44248589368658 -2.4227374632032252
0.39891919009300053 -2.44937105457263
0.3494851441230555 -2.463436668459085
0.297393764315065 -2.46326246241292
0.2463074792851805 -2.448479913771325
0.2013508235680935 -2.42150123703689
0.16388454615544 -2.385568711264735
0.13359251092103902 -2.34350462568106
0.1093704339283825 -2.2980823888962947
0.08929898152846501 -2.25173983812252
0.06902954697152999 -2.20141047097797
0.047208340619761355 -2.15245924534661
0.0216759690759963 -2.1077047775055897
-0.01007671202219285 -2.06802978595213
-0.0508250251011745 -2.034935283595065
-0.098573702218665 -2.01367030368368
-0.148292452715061 -2.006988395220775
-0.19929878296126752 -2.014982778694755
-0.24504463384723 -2.035807360000085
-0.28521631587643104 -2.066987934474835
-0.320141108332159 -2.1065223353336053
-0.35181484851861 -2.15383394899715
-0.3788918715262105 -2.200715841303725
-0.40645439826578456 -2.24813240631205
-0.4349570239863785 -2.2906792732976653
-0.4692347586844255 -2.33070731053437
-0.510048845806505 -2.36452362119383
-0.556917161124955 -2.388722846438695
-0.60805410745737 -2.40054215080607
-0.66050859274576 -2.398141369448615
-0.710573742914075 -2.380940224680755
-0.752038620145135 -2.35206798801727
-0.785790828548425 -2.31220753560197
-0.8087119155357201 -2.26696732006452
-0.82241156677005 -2.21843271873417
-0.82864101548251 -2.1687759295022397
-0.829717334717005 -2.11544026446974
-0.828117613845335 -2.0629365075025303
-0.8270565351602099 -2.009290141546715
-0.8298384488039501 -1.95748959132064
-0.8396657979195551 -1.9060295896064499
-0.8547753256170051 -1.85672292367359
-0.86938843061499 -1.79878917910801
-0.8804236917731499 -1.741817472247065
-0.88833047351216 -1.6860168567077998
-0.8935378948801651 -1.6315276977907849
-0.8964486568511599 -1.578432466028835
-0.8974354013422999 -1.526765514966235
-0.89683903353142 -1.476521612018145
-0.89446652909756 -1.418052405011265
-0.8907329434314949 -1.3614618266469152
-0.886053866792275 -1.30658960811036
-0.880791322900645 -1.253235582149705
-0.875261200087795 -1.201159425934865
-0.8697419002558799 -1.15007258566381
-0.8644846840054001 -1.099617414683395
-0.8597272594068001 -1.04932126950543
-0.8557149343489749 -0.998491405631705
-0.8527431294583201 -0.945933140220645
-0.8512876791852501 -0.88947656820519
-0.8504127300672449 -0.8389021158848899
-0.8493241777177699 -0.78424808232362
-0.84964831548597 -0.7310853347317601
-0.8528037469181451 -0.67859696237008
-0.8602229506615551 -0.62613012954422
-0.87219335087817 -0.577473553907
-0.889949432422115 -0.52977385278824
-0.913493937886215 -0.4847400300273955
-0.9442759341915099 -0.440870128084871
-0.9785966497434749 -0.40290483840616054
-1.0159605791642299 -0.369386313307109
-1.05942682456938 -0.3367172985665465
-1.102238988822315 -0.3085281398940645
-1.148945309911515 -0.280017651652898
-1.192210251283015 -0.253976164779193
-1.2388882944874848 -0.2244852469031085
-1.28256716433874 -0.193785985195046
-1.323215316859425 -0.1605685879900765
-1.3601809717632751 -0.12414040681072999
-1.392562534873015 -0.08428448380506401
-1.41941470501505 -0.0412204045497245
-1.4399064131503398 0.0044418768627319406
-1.454631421130355 0.057764187440471
-1.46021327978391 0.1116151285996635
-1.45686398438732 0.164336496774655
-1.445306567347205 0.2144325668320815
-1.4241810955833398 0.265616224980074
-1.396060812309385 0.311148086248516
-1.362740844461295 0.35067646926733753
-1.32576934530716 0.3844161455589115
-1.28138696572523 0.416119912380785
-1.2338611095417 0.44298139840663797
-1.18391399287272 0.46591953238394596
-1.136491117568675 0.48447777254319097
-1.08625821963616 0.502335693123175
-1.035319517059375 0.52016227896037
-0.9853463633077351 0.539009071954385
-0.93648929686042 0.56043682074376
-0.8893648095078349 0.585774274077455
-0.84767047942922 0.6139239616428
-0.808982360573105 0.647091423083365
-0.77486583775147 0.68468755082971
-0.744397520638465 0.72856377392905
-0.720736293704735 0.773587311157105
-0.70055170332579 0.8249872278818501
-0.685257985366745 0.8774666553812149
-0.673911634550665 0.9276238855335601
-0.6635531055007 0.981572787797225
-0.65425997961283 1.031207707332475
-0.64287374845558 1.085082935602675
-0.629226332370855 1.1366299461562899
-0.61210234229889 1.1862131738985349
-0.5906440421748249 1.233434782950575
-0.564353856277875 1.277510476484185
-0.533129480912715 1.31747210896543
-0.4972737434081935 1.352330573934605
-0.45225024690809246 1.384376398264345
-0.403610194948231 1.408009902271175
-0.352988014810238 1.42287639825457
-0.302033343685632 1.42915557570464
-0.24679159281923901 1.4268535742438648
-0.1944538771265305 1.4160880832494749
-0.145951099566618 1.3984224547375699
-0.10158352069893699 1.3753671708967201
-0.0565046703069895 1.34466413610394
-0.014848821909210849 1.3093684087807351
0.024014287048118598 1.27046507163043
0.057955928485936004 1.232413343699765
0.0923294418853445 1.191438047605055
0.127217595886183 1.149546677344335
0.16230746999413198 1.109541250645575
0.199159876615573 1.07181779515137
0.2391903422002685 1.036938930847615
0.28012044548721404 1.007963011607775
0.3247747242156775 0.9835126255922001
0.37203911900541603 0.9648739942126451
0.42398782963295945 0.951855232951645
0.47471751721886246 0.94561538293691
0.52478926459431 0.9447234509708651
0.578955014342165 0.9484665501099
0.629728915536625 0.9551834321813549
0.683640383109765 0.96422406285921
0.733387063936455 0.97290678508899
0.788007787232615 0.9812488451673851
0.841131710063505 0.98672717157895
0.89361165934121 0.9883320471239949
0.9454182760497251 0.98511123422807
0.99601846389791 0.97630640322375
1.044557802163975 0.9614590571267451
1.090010231897345 0.940479763647795
1.136149681668345 0.909937540732255
1.17574343291734 0.87298938203276
1.20785924883577 0.831022638392495
1.2320566215717599 0.78563965245786
1.249745487600845 0.7331463319546699
1.258436011183365 0.6803194135141399
1.2592502151124099 0.628606833751
1.253498266939605 0.57887198962171
1.240809719699525 0.52582510528616
1.22256112723913 0.474375580508405
1.1999012834137202 0.4243089868233185
1.17626778993513 0.3792189399487525
1.14996187303946 0.330976057882141
1.1265903444032301 0.2835037204992975
1.106389414562055 0.23674108677441752
1.087942739417965 0.186390955295242
1.072879695110915 0.135408927862176
1.06102419138537 0.081667252908807
1.0535014345753448 0.029450279109175848
1.049929242343485 -0.02274395241483125
1.0503499072287 -0.076212973974855
1.055210691549835 -0.1324432634092215
1.0640927436815049 -0.186492894691246
1.076636974204665 -0.23917919871033902
1.09384250329348 -0.294610888840447
1.111586741677875 -0.34181491463111346
1.132289003000825 -0.389653960108453
1.156223562200355 -0.43891325703080347
1.183742248419705 -0.49040930251936105
1.20970794274273 -0.535693878322645
1.238613342614035 -0.5836603689272
1.26887667820968 -0.6321948693358299
1.299865980457715 -0.6810302124142
1.3315181189694951 -0.73084366414478
1.3636648865617451 -0.78219170305038
1.396041356101985 -0.83556956959731
1.42186869608862 -0.88004655971387
1.4473780632081898 -0.9263421859929
1.472284467338855 -0.9746606589023801
1.496251916640005 -1.02518551557146
1.518891176826595 -1.07807190680498
1.53975890773925 -1.1334364872568299
1.558358845978805 -1.1913450840164501
1.5741457892384099 -1.25179843391988
1.58653321315016 -1.3147164804532199
1.594905385823255 -1.37992201090753
1.59817183975391 -1.43015738533649
1.598564769078955 -1.48135009906908
1.595832777816385 -1.533288756508075
1.5897427141478748 -1.58571790743057
1.58008848362612 -1.638338117647455
1.5667005195651948 -1.6908078755059701
1.549455503061185 -1.74274768577746
1.52828577132389 -1.7937466192804252
1.5031877105320102 -1.843371437559505
1.4742283284755149 -1.8911781929377198
1.44154917897119 -1.93672592535222
1.405366898959775 -1.979591767920305
1.365969841618075 -2.01938648270555
1.323710640016765 -2.05576923991807
1.278994976347745 -2.088460389865205
1.232267288890775 -2.11725109780068
1.18399453201651 -2.14200901771839
1.13464933069418 -2.1626796250392752
1.08469389191975 -2.1792833252773502
1.034565853620405 -2.19190890829743
0.984666917833065 -2.200704244223
0.919102503211765 -2.20681732654425
0.85528691941925 -2.20703343188873
0.793771853054595 -2.2019802565359052
0.734955995359205 -2.19231199867227
0.679100468696505 -2.17867636805729
0.6260802367416 -2.1615935598912097
0.5754177860652 -2.14134263014859
0.527213567677945 -2.118322830130895
0.4815323619031665 -2.092925657049495
0.4383880894760185 -2.0655212486488552
0.39763490811150903 -2.03636509683413
0.3530366147557315 -2.009904125330805
0.30505522886055153 -1.995729695391915
0.25277932059311803 -1.9954287252611749
0.20450994665604152 -2.00969014089094
0.161077763286792 -2.03722858921302
0.12523948925327 -2.0751442979828902
0.0959059745048695 -2.12283566131662
0.0739196443282455 -2.1740963328216703
0.055980044198487997 -2.226409011674625
0.0383162892531186 -2.27881093590932
0.01903584099727445 -2.326697833726305
-0.00628172095652645 -2.3734572503147247
-0.0392383905039882 -2.4155672942501902
-0.08013331968106449 -2.449520782180425
-0.1278261320154235 -2.472192905448865
-0.179815551037221 -2.481132618564905
-0.23256937731350402 -2.47497233120262
-0.279299573805776 -2.455464936894975
-0.3206367716124495 -2.42354076381762
-0.3522863134994465 -2.384192784601355
-0.3755099631696985 -2.33971461760727
-0.3925671128209475 -2.28875227036984
-0.4038279398777055 -2.23663301873748
-0.41227027199854654 -2.18485583163569
-0.4213947895798465 -2.1322156994160553
-0.433808146850119 -2.082296498801215
-0.453410789968281 -2.03298052432914
-0.481282757054596 -1.989725753311415
-0.518173812859105 -1.9547959202925451
-0.5643204546112 -1.9307567594794002
-0.61561731039381 -1.9212657396789852
-0.66853604627815 -1.9270372406647802
-0.71540386981834 -1.94484933662164
-0.759686854515825 -1.97313282129493
-0.799839558526815 -2.0084467411204048
-0.8347249619395949 -2.0450818675410103
-0.868776905647635 -2.08280644089607
-0.90563634578329 -2.12111744689153
-0.94724047518146 -2.1569950655899097
-0.9898547584281101 -2.18411206947466
-1.037059711625355 -2.2030546461213
-1.087302383451965 -2.211068073247895
-1.1380310526054 -2.20626626178286
-1.18593311788793 -2.187897712365755
-1.22743942522501 -2.15655513222848
-1.25940516301646 -2.1141420399271302
-1.279205128920145 -2.065587270993165
-1.28765515266506 -2.01430842966889
-1.286691024205175 -1.962407058744915
-1.2788745194221751 -1.91145319889053
-1.26722419725272 -1.86225789764075
-1.253410086948485 -1.8097429903050148
-1.24171807739622 -1.75726462582394
-1.23564626950879 -1.7063205469551552
-1.2375970309231898 -1.655788977774535
-1.2506919233408351 -1.60509551685595
-1.27646809757557 -1.55970845655504
-1.312513712369125 -1.52487516275918
-1.3583385084719 -1.501099547192815
-1.407585178041 -1.490797105428725
-1.458574809549955 -1.492191975151025
-1.510292670254785 -1.503487974281025
-1.56387673655713 -1.522958068168715
-1.6132711933444948 -1.544663545837185
-1.6635210387836399 -1.566541887902475
-1.7116868901148201 -1.58392854011314
-1.76302110016901 -1.595837202174035
-1.815929015150195 -1.5988379629364649
-1.86799049798746 -1.59048049090926
-1.916120553771505 -1.56961043014441
-1.9568463590190899 -1.53651045534246
-1.9868383865044048 -1.49292736054578
-2.002965925321385 -1.445078773641495
-2.0063483401098603 -1.39298748167529
-1.9978118057417302 -1.343003811297495
-1.97988820196328 -1.29586630601857
-1.955281721510215 -1.252284460757425
-1.92433855612641 -1.20883771848846
-1.8917591214660099 -1.16769189848809
-1.858996041122635 -1.12541869850039
-1.830455619445625 -1.0824822265910299
-1.807384204955675 -1.0349291988381
-1.79007395260246 -0.9863336604390749
-1.7672447510406548 -0.93117245970956
-1.7421262244641302 -0.8789177647469749
-1.715203534308865 -0.82946849997113
-1.6869045386709398 -0.782680775158915
-1.65760132774687 -0.73838021408969
-1.62761317321906 -0.69637195616633
-1.597210300790295 -0.6564484881789949
-1.56049377674403 -0.610990269703245
-1.523815130049385 -0.567850328653815
-1.487412380701545 -0.526653217565765
-1.4514570849083 -0.487023875332529
-1.4160602819541501 -0.4485831484530725
-1.38127486162813 -0.4109364768445795
-1.3470919000799 -0.373651657751068
-1.313425232521615 -0.33621543026683753
-1.280068424586635 -0.297940500544557
-1.24656956694187 -0.257727224355071
-1.2119676110841548 -0.21350165575047303
-1.1812474425430899 -0.1735290751602125
-1.1480416325310698 -0.130515705371418
-1.11672630692004 -0.087655916549759
-1.088058198060245 -0.04355977321552555
-1.06291308839748 0.002987350215284245
-1.042529639450645 0.052612545552229995
-1.0290656145142 0.1014132285787275
-1.021850941601625 0.151615934859397
-1.021229032699655 0.2052970140821595
-1.027013786451435 0.256485248135569
-1.03802271821761 0.3062018956959975
-1.054421671228005 0.35839285633081597
-1.0727944176301851 0.40642878807859295
-1.094095418218765 0.45714950546238003
-1.11378608793456 0.503521966960015
-1.134013922211125 0.55450598534024
-1.15108161374651 0.6048990975908201
-1.16415571650901 0.65562412539022
-1.172291168191745 0.706798146865895
-1.1746354739275 0.7580248049164
-1.1705688497120899 0.808539348513875
-1.157985190537075 0.86326267147253
-1.137095152571455 0.9142464455204851
-1.1086521526698498 0.9600210914842
-1.073882467172875 0.9994309723793251
-1.034295352404965 1.031773948915335
-0.9865773901309449 1.059184814076575
-0.93684425500324 1.077975799764995
-0.8866923929757199 1.088990143291755
-0.8321171044771001 1.093468179566315
-0.7776942601687951 1.0913023593837399
-0.72369447387776 1.083627305328025
-0.670025514121955 1.071622517589825
-0.620767975870635 1.05787509304826
-0.569098826535495 1.04202185267547
-0.51520312815711 1.02563373718466
-0.46463329470106096 1.01203247092243
-0.41563017470793395 1.00184990339223
-0.3644683199533635 0.99553110231608
-0.3113928868922325 0.99465021491811
-0.26117689903702546 0.999926628087
-0.21163048837025503 1.0116203645820652
-0.16462258497488752 1.0292316091885199
-0.1185346109606005 1.05311167034148
-0.07545295526998999 1.081548876411455
-0.03228161165887885 1.1156894055222
0.006290922462091 1.150085767047945
0.0464570915349427 1.1881362396639
0.08291910852684051 1.22278836773335
0.12350794952909949 1.25939919538952
0.1647856785453955 1.2928342641588348
0.2078359711707145 1.322589124981925
0.2530552846717455 1.34780439221924
0.3003354089387985 1.36754372536383
0.3491477431426835 1.38097148145889
0.4048126095754845 1.38779727899433
0.4597823086731605 1.3855259832172249
0.512417429876455 1.37438775469441
0.56122233725308 1.35515947078625
0.60503749520676 1.32903053351244
0.647012133508525 1.293627884264755
0.681624545340795 1.2534299247083651
0.709135575037785 1.21020870754715
0.73211959216418 1.160568817822165
0.74889683353326 1.108752359747125
0.7604274951793399 1.055429416373215
0.76732078956548 1.0059061017939401
0.77183989550704 0.955027089258335
0.7751861665620601 0.901249499476835
0.778732405473255 0.84545443352024
0.783692643824645 0.79316750035424
0.79135048448972 0.7430993562845549
0.80334933913437 0.692681066702375
0.82107922181253 0.642521564512775
0.84354661535014 0.59727472262426
0.871753265435065 0.5549494201251151
0.90456561884638 0.517114753956885
0.942843580199465 0.48238629553294504
0.9841892824648999 0.4521493754334445
1.03109880700897 0.4236936101003595
1.076690652890835 0.3996585416987305
1.1262589573084498 0.375480905346695
1.1715712480473 0.35354266359152
1.22025626017569 0.3284620294923
1.2661910550953501 0.3016896044566835
1.309324017505425 0.272004915050309
1.3490072192255549 0.238713817542544
1.38433267619343 0.20156862550478
1.414331064107645 0.1607514849766235
1.44063298452852 0.11117540793233201
1.458200340557895 0.058990772623858004
1.466649780660795 0.00580576230781505
1.466160511639825 -0.0467039841535842
1.457420218535575 -0.097024224280836
1.43932953170785 -0.14894083605105699
1.41409639689168 -0.19567691059338801
1.38347496881814 -0.23683237514562952
1.34523478508858 -0.27599250950616
1.30275213087292 -0.3100763355486365
1.25698399541154 -0.33975404578274004
1.2086247939671 -0.365985224540176
1.1624331993609052 -0.38804502240046446
1.110863684543475 -0.41302827559531696
1.06504516235261 -0.43796769592195994
1.02215608262961 -0.4642372511084325
0.97996667965408 -0.49349650834657954
0.93922497747955 -0.52575467086018
0.899092930724405 -0.562388727971985
0.8630896357759801 -0.60052350209415
0.8301417853209401 -0.64114057550657
0.799577424023335 -0.6853585784993099
0.7740177349886299 -0.728944030223195
0.749658865275065 -0.778405263633105
0.72904653476937 -0.829088837270495
0.7108784075157 -0.88409190240518
0.697866203681495 -0.93284194424295
0.686854810470025 -0.98392165567857
0.677616678536075 -1.03813123492605
0.669963157610755 -1.096349264874765
0.6646465506471151 -1.148647957210165
0.66014377567316 -1.20472176030586
0.65639828098674 -1.261740246458065
0.653020881067345 -1.3195080669519401
0.649566236437835 -1.37851181735378
0.6455700879559 -1.439089332116615
0.640522992567 -1.50147676176023
0.63534699788015 -1.55279814100707
0.6288094102126099 -1.60541603654458
0.620555665730535 -1.65932388130088
0.61020200066204 -1.7144677207441699
0.597338431896135 -1.77073843703478
0.581534311302065 -1.8279628971959698
0.56234689893402 -1.8858945698315899
0.539333397267295 -1.9442043088161198
0.512066823678595 -2.002472217095935
0.48015594426887154 -2.0601817648892
0.452972511754143 -2.1027310022840853
0.42287930941007995 -2.14432675975986
0.3898018348307525 -2.184645599344785
0.353707398205179 -2.223339658759755
0.314612200039663 -2.26004216634855
0.2725877883690075 -2.294374852805705
0.227766342785154 -2.325957285451015
0.1803441618167445 -2.35441798481471
0.1305827115114725 -2.379406971554955
0.07880665357006 -2.4006091508517047
0.025398433342306896 -2.41775770337357
-0.02921072055135085 -2.4306464629438453
-0.0845531683786495 -2.439140174540575
-0.140139974295452 -2.4431815889692503
-0.1954777477022805 -2.4427945849351653
-0.25008591521942003 -2.438082898710505
-0.303513027023398 -2.429224526467895
-0.3553508121435465 -2.41646235373606
-0.40524500054776247 -2.4000919637040203
-0.452902359255936 -2.380447808286295
-0.4980938534402285 -2.3578889643084553
-0.5542366131200149 -2.32391633389553
-0.6054819226832551 -2.286289750667485
-0.651769200673625 -2.24583601995871
-0.69317388670854 -2.20331075722827
-0.7298755066178251 -2.1593819917821397
-0.762345158728 -2.114298276922865
-0.79107160953979 -2.06806076436753
-0.816198152974885 -2.02106616403041
-0.837906192403915 -1.97366461097397
-0.8564046486926801 -1.926159048283625
-0.872788989187155 -1.877542674459005
-0.896719426291585 -1.830789732146765
-0.929958997128565 -1.7933360570713
-0.9724735459239501 -1.76607072478683
-1.0222166907729 -1.751494761636205
-1.0724610974115 -1.75062081621641
-1.1217744763767699 -1.7611864225223102
-1.169887725585795 -1.7812055143590448
-1.21872910791211 -1.809563741887975
-1.26434224850173 -1.8402907724738848
-1.30996767211081 -1.870888356218435
-1.354091625527635 -1.8966190064804849
-1.40222660962191 -1.91763979038481
-1.453548968526335 -1.930390252442565
-1.506230656084965 -1.932031706330595
-1.557536615335085 -1.920814772043635
-1.604070610966335 -1.896292391815915
-1.642282293734755 -1.8594548082348101
-1.667885938645735 -1.81569513445627
-1.6819916253795 -1.76519574800935
-1.684119509095975 -1.714376201449585
-1.6766299234113848 -1.664383249871945
-1.66201713693505 -1.61640734151512
-1.6413250504818901 -1.56703484066747
-1.6185444449953699 -1.519142454155955
-1.595483313133145 -1.468656574183125
-1.577301979487945 -1.4183696458689299
-1.5667624980709849 -1.367614854373075
-1.56644785454722 -1.31524626355701
-1.57836418894327 -1.266112821292155
-1.6027124589146649 -1.222366736135345
-1.638462384314175 -1.186844429451485
-1.6830419652060449 -1.16192964243757
-1.732276616862875 -1.1484724136224351
-1.785975992402495 -1.1449133882330451
-1.840250100981605 -1.14926980931993
-1.8899732987250448 -1.1572684162337399
-1.939611123152535 -1.1661629112351999
-1.99170504832719 -1.1734107851270499
-2.0458467160851947 -1.175586538841995
-2.100048776384525 -1.16931810937364
-2.15150955824142 -1.15227733207805
-2.19697229938373 -1.12359626514937
-2.2330195244300297 -1.0839677756546
-2.255476652111885 -1.038913663421365
-2.2652487320017753 -0.98849034669263
-2.2613435134170348 -0.9359017955621949
-2.24454772630259 -0.88521944951151
-2.21754051898712 -0.839211929172515
-2.183302259299475 -0.798228102029175
-2.1449291334529503 -0.7615779892636401
-2.1050885948057347 -0.7275039139000701
-2.06445252361936 -0.69237269715869
-2.0274625198693 -0.655744654438055
-1.994897306634685 -0.61381856733382
-1.9713579573445301 -0.5676538703246801
-1.95939079227828 -0.5177806852100549
-1.96141188951188 -0.46530139615099697
-1.9785484401979851 -0.41556903097514947
-2.00730805357931 -0.374455866977704
-2.04808962152012 -0.339436746524165
-2.094154293129055 -0.3141907262981745
-2.144514016924645 -0.29565095093870297
-2.1935925972845647 -0.28218624712633
-2.242942277525695 -0.269883475636062
-2.29379461112894 -0.25532781591167353
-2.34455074802753 -0.23546155042032152
-2.38811183822701 -0.21066578156167498
-2.42676241365951 -0.178060317539091
-2.4574125881672297 -0.13768196937368998
-2.47722611151734 -0.0908229425235985
-2.483976669317245 -0.03995626057673595
-2.476466892068965 0.01159855738441095
-2.45651288470965 0.057462632981277496
-2.424358245167335 0.0990933210721565
-2.384307059877475 0.1322924851530795
-2.33907780833699 0.157773574346816
-2.2912287876781603 0.1769880070913915
-2.242825184055825 0.192144480308279
-2.194623557149805 0.2059964725576255
-2.142488544526415 0.22299423973812899
-2.09576561041142 0.24345719754956502
-2.045274084098205 0.27597206876257097
-1.99457870398903 0.309506476051528
-1.94349826355112 0.339165353678347
-1.8924052300117602 0.36530420587569046
-1.841596680848625 0.3882866756643385
-1.791302445665115 0.40847375780432255
-1.7416932685141648 0.42621602664238745
-1.69288857614155 0.441848343150534
-1.6354879232879451 0.45826533086626203
-1.579410130831415 0.4726045568797175
-1.5246459524800549 0.485330161166525
-1.4711265551179902 0.49686683731201997
-1.41872624152254 0.5076061937549999
-1.36725793749993 0.517916760368915
-1.31645681440798 0.528159427319105
-1.26594082337063 0.53871316263697
-1.215117073826295 0.5500245585687751
-1.162927890418985 0.562726554547375
-1.10732191592255 0.577924084168525
-1.05435376161752 0.59404347389953
-1.002451524635215 0.6095196854173299
-0.9502091630649501 0.62584014735099
-0.90244525501321 0.64285480157184
-0.8536046356805249 0.663865458309465
-0.8067344992587749 0.68915272037205
-0.762996728936405 0.719181733601675
-0.723720005197745 0.7535658599119299
-0.69007229456402 0.790865342774395
-0.660690149603525 0.831794969469865
-0.634357541319055 0.87778596442867
-0.61210960099209 0.925872571029055
-0.59344745409678 0.973894666570015
-0.575682198744895 1.0252530872861398
-0.5597238741575901 1.07310280875472
-0.54306810437058 1.1207936417183
-0.522946677024235 1.171818032456725
-0.5001776362429 1.22009415691834
-0.4737957334661835 1.26549283015619
-0.44326624925065594 1.30737853180465
-0.4084610705504085 1.34489423373617
-0.3696481412733085 1.37714451902914
-0.3219816899638665 1.40615940318072
-0.27133911434969404 1.42674082015915
-0.21926195149444352 1.438588668057345
-0.1673125483953595 1.441909527298465
-0.11687627082806551 1.437352001128375
-0.0639014959496315 1.424223814358365
-0.01503479533464295 1.40409758230314
0.029356346155295348 1.37851470130705
0.0696645338354385 1.3486041477263249
0.10687663658475251 1.31479072594313
0.1414555006776915 1.277757618233585
0.1742281958471695 1.23789569374213
0.2066480953889825 1.19492482356409
0.23816926864280247 1.1516596498810299
0.27082624477781747 1.1078410624792
0.3030697599469935 1.06781243960011
0.3395098594741405 1.02801550277673
0.3790242015110735 0.991848958967295
0.421839538752633 0.9603272860886249
0.467185227834659 0.934516176135485
0.51332332598848 0.915015067750595
0.56135102801182 0.9007554808498449
0.612921266670355 0.8910538989873549
0.664960243093835 0.885889381139525
0.7162754824744499 0.8840935371524751
0.770357033358355 0.884342900268695
0.8205366677586949 0.88524158493604
0.871294538743415 0.8855446418666351
0.9262840019514551 0.88380134529741
0.9795063041016749 0.87873031462582
1.03123143828073 0.8693624940155351
1.08107536213397 0.85496025387039
1.128293203577885 0.835090182736405
1.17195912543385 0.8096767209017701
1.2156524387192549 0.7748439018894799
1.252458375752905 0.7343114012094201
1.281549590337185 0.6894112630822999
1.30256555594699 0.64167904308097
1.3156241081977451 0.5926447439979501
1.321449681389025 0.53826609272982
1.31922731197972 0.48535582178057196
1.3102821424183602 0.43480773599833344
1.2958368808955751 0.3867128985092925
1.276632316126795 0.34026003106824654
1.253466154172245 0.2952405492342415
1.226998465978355 0.2510412900025135
1.19749097574831 0.20627274904366502
1.167536708318625 0.1625983641500475
1.137097015123535 0.11737628119274399
1.1096285043641951 0.07324112371646349
1.085601668474725 0.029000994773907652
1.065133486423125 -0.01713616718394425
1.04842690908194 -0.0681881189244525
1.038056293795675 -0.11928610006411049
1.033839217959295 -0.172608525478091
1.036048497857295 -0.22633844561207953
1.0437190314911748 -0.277747056951243
1.05575704082045 -0.32792386866275647
1.0709116122465399 -0.3768122120347675
1.08896898707624 -0.42752081030410355
1.10900893712564 -0.481198592535694
1.12609977438221 -0.52884319428844
1.142624851933515 -0.581217654321035
1.155389388102635 -0.633083154418855
1.16356468491052 -0.68497588725874
1.166331827661625 -0.736755342705345
1.1630445498478799 -0.787847352997
1.153337649921655 -0.837394251493745
1.134730828915305 -0.890038200772395
1.10848592105497 -0.93803262742648
1.075600616547115 -0.98016598115239
1.037412713109695 -1.015604095284705
0.995406116763875 -1.043966985142635
0.946001261248165 -1.067271697702965
0.895354080690765 -1.0825286392391
0.844731820891945 -1.090698969702425
0.794576695810825 -1.092906751435565
0.74438049924371 -1.09011029254381
0.69421248301601 -1.0831315953516198
0.6436919880336249 -1.07279572239084
0.58696225172199 -1.058860846890795
0.5341437137800049 -1.04745074380957
0.482708905716449 -1.038895614686295
0.4289255989141415 -1.03293320592392
0.374871814088814 -1.030280971232135
0.3247407067773615 -1.0310301297750502
0.270745348802353 -1.035506253165095
0.21774421571237101 -1.043802537898255
0.1644302204834415 -1.056242268871785
0.11566324623194299 -1.07137049052761
0.0642443794166655 -1.09134070743272
0.015362503211723 -1.114252581549155
-0.029364669326151997 -1.13861895091086
-0.073087270759602 -1.16557503860562
-0.116546467120793 -1.195375230418555
-0.160505643367576 -1.22841875114242
-0.2057044247551615 -1.265171005526275
-0.24489270128492652 -1.29901178421078
-0.28602759971493097 -1.3361219555770751
-0.3286862224452205 -1.37583565771355
-0.3712856048353575 -1.416176913475135
-0.4145100713889355 -1.45720195876881
-0.458990207846859 -1.498897536016125
-0.50529000185434 -1.54112998551138
-0.544001838394625 -1.575144384360755
-0.584490424929115 -1.6091754027670953
-0.62701287647396 -1.642995562759125
-0.671815020562255 -1.67632420044953
-0.71912505953806 -1.7088241023721402
-0.76914458401404 -1.7400988723871549
-0.822037020897975 -1.769691718033495
-0.877913669138515 -1.797086435430495
-0.936817635571915 -1.82171147178637
-0.99870623692074 -1.8429480262177598
-1.0469975283998951 -1.8562597589419099
-1.09678168052316 -1.8670164004760401
-1.14791055449208 -1.8749367651253148
-1.200190970453 -1.8797476673770799
-1.25338297281491 -1.881192125571765
-1.307199646997635 -1.8790385439036499
-1.3613088903888548 -1.87309057337433
-1.4153374966100751 -1.863197197239355
-1.4688778077769 -1.8492624280745802
-1.52149701449127 -1.8312538675032701
-1.572748939108865 -1.809209299601425
-1.622187842673465 -1.78324050143436
-1.6693834883031549 -1.7535335884335652
-1.71393642983205 -1.720345478363145
-1.7554923370184 -1.683996435272165
-1.7937541696347652 -1.6448590903317348
-1.8284911941049402 -1.6033447509781102
-1.8595441773106 -1.55988811955722
-1.886826530996175 -1.51493168431399
-1.9103216308221451 -1.4689109962034501
-1.9300769120613102 -1.42224182803312
-1.9507850201633201 -1.35966888129947
-1.9654006903036698 -1.29743286406643
-1.9743938726634251 -1.2362073305425398
-1.97829657532377 -1.176527046958755
-1.9776679164330448 -1.11879434593377
-1.9730549606472247 -1.0631952392811
-1.96485550943095 -1.009261799703735
-1.9534225241490202 -0.95706833458789
-1.939115606136765 -0.906766523414005
-1.922285864100085 -0.8584545178281401
-1.90321557401602 -0.8109257373049349
-1.891177050817135 -0.760500108724655
-1.8920568636907649 -0.71032975477448
-1.906717642700255 -0.6616019718277151
-1.935394884177315 -0.617570196465425
-1.97380926741311 -0.58344208793681
-2.0198493923346748 -0.558372404627975
-2.071691981992525 -0.541287021293105
-2.12120909620235 -0.53118610823015
-2.175029428218595 -0.5232214085861
-2.228981635735385 -0.514813603931945
-2.27846016832589 -0.50367555416057
-2.32759192448739 -0.48628857110689
-2.37342646543901 -0.460678698036765
-2.4127590145180497 -0.4260500271385045
-2.442437360227855 -0.3829867462981655
-2.45969699153784 -0.333448129848424
-2.4626260910932998 -0.280525983720889
-2.45173795398271 -0.23102461785516998
-2.42791681468898 -0.1842209478301035
-2.3950621534884453 -0.145099998935333
-2.355718275785605 -0.112977189656201
-2.312524115833915 -0.0870066023376495
-2.26390815109895 -0.06385375136070251
-2.21458144540756 -0.0428539368585489
-2.16753078655672 -0.02174356527348875
-2.120535465813245 0.0041296755069669
-2.079917605808755 0.0346754738906689
-2.045124309014585 0.0735525668931995
-2.02137015072224 0.11834054808640851
-2.0104570033050098 0.1674308382952045
-2.0135396565465498 0.218034371935166
-2.03032138632568 0.2666923691741875
-2.05831785891466 0.31004152718641753
-2.09648596659233 0.349229134271096
-2.14011475296904 0.38279515412258747
-2.18199267740091 0.41032633809610697
-2.22424573090447 0.43733353260526453
-2.267040905583535 0.467358803681566
-2.30774410157769 0.5025392068729599
-2.3427021313996503 0.543936884281795
-2.3683709309116 0.591328174190235
-2.381826459058625 0.6431363476120351
-2.381060808934355 0.69655458545748
-2.366777872010365 0.744747877367405
-2.3396454321886 0.7883311367635699
-2.3010765196310348 0.8243380637493549
-2.25741252485706 0.8490518281550801
-2.20665356033469 0.8654477892419801
-2.15385647580252 0.873327132917675
-2.100820632135645 0.875253963586205
-2.048284419043595 0.87429307362159
-1.9940862891299251 0.87361223861187
-1.9414957869791898 0.87657825824942
-1.890394219008045 0.8861885658108649
-1.842300385842055 0.904947486271495
-1.8000627572837 0.9342316745802901
-1.767831402945145 0.9725631382715351
-1.74660258670887 1.020725405033155
-1.739682517417495 1.07026601275525
-1.74551568908069 1.123205219357775
-1.7614625881117 1.172071057613855
-1.7852361058274853 1.2195809813139902
-1.81210579894713 1.2632091359579252
-1.8401659370719698 1.3061364156225301
-1.867778323460725 1.351434870829605
-1.8918231016459 1.400467400028685
-1.9073412821001199 1.44824288774325
-1.91406118491502 1.498490323146825
-1.909697955416305 1.5491348465023251
-1.89299024277108 1.59733817270038
-1.863916582618025 1.639789504695285
-1.82378359255061 1.6732298427903
-1.7781899432288 1.6941218350351552
-1.726407399711345 1.703708205696105
-1.6744403786982 1.701777606808245
-1.62377100472788 1.6906853981264898
-1.5753061897056049 1.6731950714769401
-1.529070384289135 1.65228445436196
-1.48372020564257 1.6304571478238
-1.4326179149879201 1.6080722037977448
-1.38484424921231 1.5924941918549052
-1.3348239757138 1.584182477896205
-1.273900411815075 1.576759877531485
-1.2151715457603849 1.566020772126555
-1.15873326054256 1.552486359098435
-1.1045844070779751 1.536633507279205
-1.05267147731293 1.51889391930751
-1.00290019589752 1.49965297564881
-0.95514520536256 1.47925035719638
-0.9092578370956399 1.4579818592983451
-0.85642344286492 1.431672220960225
-0.805726661379245 1.40484722308766
-0.75683258436767 1.377801436886665
-0.70938201045547 1.350763161219645
-0.66298195830881 1.323898625779255
-0.6171832074305901 1.297312165721955
-0.57143289821951 1.27103814791792
-0.5249688661233 1.24501314385186
-0.47654199262953395 1.2189882729846
-0.42386414411858747 1.192399971839035
-0.37113754818572053 1.168016231231925
-0.32305445483002304 1.146417191670765
-0.272279842277659 1.123586920816275
-0.22262688783997747 1.102810734641555
-0.1728947470191485 1.084912412642085
-0.1222177549116625 1.0707303613408299
-0.07116503250268949 1.061292236065185
-0.02113813270936405 1.057151028401355
0.029787745964401653 1.058289683526155
0.083578798468527 1.065327790710125
0.1335962184002155 1.07701554044716
0.1863941772106105 1.094184807980575
0.23491168887244102 1.11351729170753
0.284647763949454 1.135678432067095
0.330118593916481 1.156754017481205
0.37759272918362796 1.178214724593425
0.4300664278871925 1.1997429950395
0.4816376853163665 1.21731641038115
0.5332709898093599 1.230342179222635
0.58507684940455 1.238086861116085
0.63666699988161 1.23990459811868
0.687325538124135 1.23536771883095
0.73614657987897 1.2243448775367098
0.7876769659024749 1.204445923290335
0.83440672949793 1.177329403483945
0.8753633402723849 1.144108681859695
0.909966388863125 1.10610946269041
0.93805156154967 1.064693477525985
0.96187384885267 1.016177060037835
0.97859363678232 0.9663587467597801
0.98915235328596 0.916176798947135
0.9946328340184 0.865385436245845
0.995892619997535 0.8137278421776999
0.9937558664788799 0.760831677669505
0.9896147329320251 0.7109779311887651
0.9838828478619399 0.6553018734335
0.9784854685271099 0.599506503997135
0.97516815931814 0.54780430429085
0.974651531582125 0.4975715648616205
0.9779202780022599 0.44616982987074294
0.9858488758052101 0.3953338390129745
0.9985410008776799 0.34680590277059953
1.0166696119710301 0.298838705706743
1.03937639369665 0.2535819055686125
1.067053103027435 0.2094691376361495
1.09726613164994 0.168942508772324
1.13099378950229 0.1290268853401625
1.16778025095655 0.0888464549406255
1.202178532488595 0.05235863325437849
1.237542401679735 0.014108003945094599
1.2745238170055 -0.028854520726140247
1.30746952270003 -0.072228733063431
1.336115445707785 -0.1171068360046225
1.35979884990436 -0.1638199119141285
1.37778449885465 -0.2121996952713995
1.389441893551525 -0.261699118235997
1.3943624616553951 -0.3114982354412905
1.391712076894775 -0.366663418459243
1.3807008691948899 -0.4195457491155795
1.36208082367378 -0.468872536981732
1.336928111045025 -0.513676924747765
1.3064832676393698 -0.553375727336595
1.26796186070784 -0.591271684770355
1.22596939647534 -0.622845154718025
1.18168907051516 -0.648695691791375
1.135221951794315 -0.6699306119438251
1.086599449042265 -0.6874417356663051
1.03572371670749 -0.70213085973738
0.9870881714757351 -0.7139681690738701
0.9323671281243 -0.726160746470425
0.8777345721284551 -0.738702315127875
0.8277246041628651 -0.7519116611123551
0.780001417893885 -0.76731087522109
0.732322404609665 -0.78668525628159
0.68663502856004 -0.8103096209929299
0.6446327809047949 -0.837729344577345
0.60487466294726 -0.870137796830965
0.569128056766645 -0.9060422447683001
0.536028108015175 -0.946318402421295
0.5071130686302799 -0.9878976797462651
0.4799242684277555 -1.03256124806776
0.45344507077938456 -1.08020146477411
0.42970041866827946 -1.124402358939435
0.40459337784992855 -1.170039043439405
0.3755282656906175 -1.2186701089215701
0.3447801699721345 -1.26360973182422
0.3112372322212515 -1.304942958445235
0.2743807471740165 -1.342142082693345
0.2341420164919145 -1.3744552966906451
0.19084426792057801 -1.4011120299556
0.14513902747157198 -1.421467172993645
0.091957592413086 -1.436326148990275
0.03831022273955925 -1.442532261387515
-0.01435881281576135 -1.4404003443421
-0.0647942422076835 -1.430648575085695
-0.112053568625233 -1.4142711227092
-0.1601501144901065 -1.389667536139515
-0.2033467504383545 -1.359782799311875
-0.24184270142665398 -1.32592546577122
-0.276661453184394 -1.28853429808663
-0.308635007627517 -1.24792394283471
-0.3386537077349575 -1.204282293132295
-0.365651943668017 -1.161399754234035
-0.39579574189385147 -1.11565584812916
-0.4267353242399655 -1.0731738485370301
-0.46028686552644305 -1.0318207455239
-0.49694961025459994 -0.9916782199910701
-0.53351534311572 -0.9562913287473149
-0.57575551647387 -0.9204716730475051
-0.620250515337885 -0.8878384971466
-0.6626792322792651 -0.8609468911328501
-0.70899441221734 -0.8356818736342649
-0.7609472648012899 -0.8117419995443249
-0.813505045256895 -0.7915961179273799
-0.86353153455137 -0.775682407068965
-0.9147142823673651 -0.76221585840425
-0.967919412169225 -0.7507746544281699
-1.023976359737905 -0.741058289630235
-1.08374579807794 -0.732809104217195
-1.137063647808045 -0.726853638541155
-1.194194441110315 -0.7215078002039099
-1.2537096784708501 -0.716626827413285
-1.3136013020628199 -0.711964934586955
-1.374461522038645 -0.70702780626899
-1.43667390128224 -0.7013148094648549
-1.487588807246895 -0.695825927979665
-1.53961362826563 -0.689196472836325
-1.5927843039586151 -0.6811006410860949
-1.6470891681127249 -0.6711866443733
-1.702465827152055 -0.659077688561775
-1.7587944433261449 -0.644375398591595
-1.81588994889938 -0.6266658386241699
-1.8734938432337451 -0.60552850823872
-1.9312663453062497 -0.58054868046446
-1.988779859957635 -0.551333362133235
-2.04551494210394 -0.5175309767970451
-2.087190946888115 -0.4889931486669835
-2.12779656816521 -0.45762295849788953
-2.16701657188279 -0.42336675038384053
-2.204515071115825 -0.3862126623449915
-2.239941364584695 -0.3461968740821215
-2.27293749704363 -0.3034090729335745
-2.30314749850431 -0.257996617723127
-2.33022809615824 -0.21016683872959852
-2.3538604967007197 -0.1601869257640465
-2.3737626272788903 -0.1083809465416355
-2.389701032718505 -0.0551237180331375
-2.401501496790235 -0.000831522737495275
-2.40905742918405 0.05405000385926299
-2.41233516937893 0.10906013661164049
-2.411375610480905 0.1637384925684025
-2.406291913102265 0.2176404592855805
-2.397263501656605 0.2703514206485595
-2.38452693450593 0.321498730107151
-2.36836454014981 0.3707606766805685
-2.349091864346565 0.4178720685048975
-2.319139033421665 0.47699349925501744
-2.285070547229465 0.531600671028445
-2.2476863088878702 0.581530027267805
-2.2077381551272652 0.626761425883495
-2.165908093359735 0.66739027872962
-2.122796337417725 0.70359935414153
-2.078583505758605 0.7358599269574551
-2.033303072001715 0.7646024638654
-1.9873156519428399 0.7899686307576
-1.94093893110844 0.8121326990763149
-1.893732537784695 0.832046185436725
-1.8497533511880502 0.858704283185135
-1.814446610655935 0.89470349469759
-1.789724561950975 0.939748565467785
-1.77845040313424 0.9886717749591
-1.7800425577318901 1.0405328730563
-1.793470308146325 1.091898031280855
-1.81666612345744 1.1421537616058
-1.84305991330714 1.185720232302325
-1.8732662399564302 1.23052839202271
-1.9030218198824698 1.2759257354523
-1.9275750959636848 1.31984846977629
-1.947178004272775 1.36766239222166
-1.95851181142586 1.4185240371053849
-1.9589144952776798 1.47062615139013
-1.946732357438945 1.521282016722505
-1.9215542081872499 1.567180092286135
-1.88434694063789 1.604887460604575
-1.840419895679305 1.63024984625613
-1.789696198636975 1.644444839204105
-1.7383980128911802 1.6469476000502101
-1.6877837995072749 1.64008244144853
-1.6389699948579501 1.62638381509527
-1.588280294978605 1.60700676209098
-1.538105736208445 1.5857481521614551
-1.486879258198585 1.5657584962546551
