2 0
1.9953105304349499 -0.057801837654609
1.98264464344837 -0.11031927889231301
1.9632125615034 -0.158640596501994
1.93831202094457 -0.202129863236079
1.9040287125753501 -0.24639098734646453
1.863717172471345 -0.28549259972547597
1.818342385972945 -0.31892069259009503
1.76891581322806 -0.34639960394241853
1.71648628298135 -0.367888822041856
1.662866103100535 -0.38342012797289804
1.60930624343477 -0.3936316260647515
1.556508061593885 -0.399420769228936
1.50495518899834 -0.40172403085361896
1.4549359755967601 -0.40146062880844147
1.40064219346105 -0.3991632110004425
1.34840320509643 -0.3957948103897435
1.298008608103675 -0.3922954855666445
1.24373593159652 -0.389230985138415
1.19055446513647 -0.38799209727830053
1.13723206704779 -0.3896409231659725
1.08681639062467 -0.3949784985801255
1.037799609527285 -0.4048641284554055
0.9881420799291 -0.421088002623319
0.9416104406582549 -0.4439264307855235
0.898269781293305 -0.47473239227559094
0.8611393904845899 -0.51275959270237
0.832094078401945 -0.556498095339945
0.811720556376685 -0.604757608123925
0.8004642911069849 -0.6545093711383301
0.7973307179230049 -0.70504904101539
0.80135253812677 -0.755235624135175
0.812511687458185 -0.8086778554643199
0.8285347263245899 -0.858561551487995
0.84857012173055 -0.90722063799646
0.8722166615654 -0.9562776214641049
0.8956337038497499 -1.000650353708515
0.9212989241479701 -1.047380153198475
0.948651698907075 -1.097393045943305
0.97220534781714 -1.14253948673419
0.99460930168721 -1.1893315516888099
1.0148377337886498 -1.23751210061965
1.032020631241235 -1.2868939067338752
1.045381859449825 -1.337114215823205
1.0543037604963499 -1.38766810492717
1.058366431847915 -1.43795045948462
1.05669917191018 -1.495386423163815
1.0481691344994 -1.55048257780791
1.033149286895325 -1.6022254445822401
1.012305741247315 -1.6497291497455748
0.9824762015005399 -1.697982476595795
0.946409338491445 -1.74048658347195
0.904384388546705 -1.776977209270925
0.85729367949587 -1.80655354410022
0.8062059621578751 -1.82849314267009
0.75231486048035 -1.84229198849306
0.696878019944805 -1.847689329065585
0.64115237570664 -1.8446751517289102
0.586331342699745 -1.83348073395472
0.533488955079155 -1.814555125312855
0.483534304220819 -1.788532150213945
0.437177530812668 -1.756193136607645
0.394909692687156 -1.7184327499810848
0.357440186037539 -1.67678378544353
0.32488923587957597 -1.6327717181886001
0.2967644476767165 -1.58743846714593
0.2724359394904155 -1.54164650416985
0.251198174780696 -1.4960736686508551
0.23009264287289302 -1.4456806529927548
0.210963681321429 -1.396654330699565
0.1928601408258335 -1.34922909728016
0.172867794249559 -1.29845425706618
0.15184106486153498 -1.249488023932855
0.128361607030089 -1.20173296189788
0.1031491571031455 -1.158501813751335
0.0705072862016345 -1.11315909087969
0.0349341065885107 -1.07466528844782
-0.00554395354329405 -1.041653091565725
-0.051752353947702 -1.01506624822463
-0.101838475744418 -0.9971974259753351
-0.15348112176345402 -0.98908181283066
-0.2068062019023765 -0.99080077303088
-0.2558118305780015 -1.00121904853323
-0.305580678384759 -1.02069575849335
-0.35303530714778303 -1.048132972630015
-0.3969115936252015 -1.0817718177832751
-0.4373503529192225 -1.1201635645661099
-0.474145410116307 -1.16114714974486
-0.506745657770125 -1.2016589239054452
-0.5377329754617051 -1.24276934203591
-0.568460753918595 -1.284649739178065
-0.599923195010155 -1.32710653599176
-0.632951026217655 -1.36968389457657
-0.668247700223285 -1.411698735712215
-0.706369265652375 -1.452280158114485
-0.747688238972175 -1.4904295150222
-0.7923633246490349 -1.52509297557413
-0.8403239446256899 -1.5552302387158599
-0.8912689979463699 -1.57986899566966
-0.9446758091178451 -1.598145278385355
-0.999816634767295 -1.60933570586948
-1.055782736174955 -1.61288705709967
-1.111517423497995 -1.608444828166585
-1.16585915108723 -1.595878751376905
-1.217594212748585 -1.575301122759935
-1.265516563724775 -1.54707339113277
-1.308490424864395 -1.511797514555425
-1.345510132857775 -1.4702906443765849
-1.37586648498029 -1.423332563269335
-1.396988499224915 -1.37706448945562
-1.412128137956225 -1.3263065057941599
-1.42020811102842 -1.27383818440872
-1.42136039100177 -1.221682629723305
-1.4162025481180949 -1.170477882485385
-1.40543079974882 -1.120945926647275
-1.387249672214655 -1.0670402756101098
-1.3639742235958399 -1.016450876447905
-1.33680564348562 -0.9693497170884999
-1.30687172641565 -0.9256688812959251
-1.275185618533925 -0.88515502469914
-1.238523534674135 -0.8428787205395499
-1.201749299155095 -0.8034469135978799
-1.1656240495678951 -0.766117302786055
-1.130685427795345 -0.730117192661615
-1.0936718675057349 -0.6906963657864951
-1.05878223454007 -0.650672153707905
-1.02596679102012 -0.6082579822175
-0.9975780620353649 -0.56476529070491
-0.97221542506485 -0.5151335602304951
-0.95514576555888 -0.4675733178940845
-0.9448213495870951 -0.41660330751683505
-0.9429974343579399 -0.364975193488956
-0.9506007371696301 -0.3126449377551865
-0.966894280858295 -0.264845669664227
-0.992158450685215 -0.2196419547827345
-1.024714917395365 -0.17970179836643602
-1.0628917407113 -0.145638755687497
-1.10498848853681 -0.11744045765175751
-1.15502916112053 -0.092152836631006
-1.207814752779165 -0.072009450601712
-1.25992070873698 -0.0565637954684455
-1.3102965255790902 -0.0443588326624251
-1.360682119963615 -0.03368676059517695
-1.4117128412816151 -0.02343240820099075
-1.46358337975777 -0.012621894520253248
-1.5161919807596251 -0.0003120533992872
-1.569180985897215 0.01441798172430655
-1.6219647917024598 0.0324271392803407
-1.6737714104733652 0.0544531037155485
-1.72369669440019 0.0810557562780615
-1.7707596164050252 0.1125768571026375
-1.809852902962345 0.1451371750576565
-1.851598786189665 0.1817051163164545
-1.8940212219742 0.21780395789033702
-1.93494842612546 0.252013737347254
-1.9750222769691899 0.285259883129715
-2.01454427538847 0.318103695157815
-2.0536569672302 0.35094016942266404
-2.0924126272226102 0.3840747336867975
-2.1308043763156848 0.41775843869202556
-2.168782089115215 0.4522056523178885
-2.2062613452282602 0.48760327119694
-2.243128965274675 0.524115377637565
-2.279246825298845 0.561885262675465
-2.31445482721535 0.60103585065973
-2.348573505829095 0.6416691345934901
-2.381406543958515 0.683865010547435
-2.41274335030467 0.7276797768943151
-2.44237270558855 0.7731621149057449
-2.47033809683284 0.8208166763850249
-2.4964524733551103 0.870927553127145
-2.52035809077961 0.92354729299191
-2.5416640736746396 0.9786880084324701
-2.559949745010925 1.03631342738403
-2.57476967740415 1.09633064449617
-2.58566072480628 1.1585819221998699
-2.59215124603264 1.222837000981415
-2.59377264499344 1.288786491916595
-2.5915205309137948 1.33912717477833
-2.586095548907445 1.39000366113664
-2.577332980572685 1.441190856072835
-2.5650870003689947 1.492437173538115
-2.54923515375941 1.543466104113885
-2.529682791910985 1.5939786284559552
-2.506367294023465 1.64365651701535
-2.47926188969206 1.6921665198746498
-2.448433469760085 1.7390885315678801
-2.41454332174739 1.783371032918635
-2.3780399585755303 1.824621219213045
-2.339277946523595 1.8626844055806502
-2.298619518715605 1.897459792540155
-2.25642485422497 1.9288987166245348
-2.213043482982175 1.95700105224991
-2.168807139222025 1.981810210607095
-2.1090245614556347 2.009911028733795
-2.048921716082215 2.03258035536787
-1.989058546862245 2.05016533826855
-1.92989836285516 2.0630597779978452
-1.87161610170068 2.071704780743795
-1.8138132388372 2.0765253050787953
-1.7567109475740001 2.07778760084619
-1.700538323212545 2.07576566449619
-1.64547857424698 2.0707433339273598
-1.591671783052665 2.063007404106065
-1.53921835894969 2.05284189835778
-1.488182887998255 2.04052344977595
-1.43859813994024 2.02631770359443
-1.390469045421195 2.010476627462185
-1.332323590404115 1.9887341284506401
-1.27633977776192 1.965229067832015
-1.222395555555495 1.9403430478091948
-1.170336256617035 1.9144143555904598
-1.119980780599465 1.8877386967249852
-1.0711257782469399 1.860570641794195
-1.023547528842075 1.8331253913741001
-0.9770009712634901 1.8055804388512051
-0.93121486851984 1.7780766035163
-0.885881079225755 1.7507176258584551
-0.8406336696115151 1.7235668242244
-0.795008099915085 1.696637508780435
-0.7483552026328051 1.669868557429575
-0.69963113084895 1.64305770272087
-0.646728532455725 1.61563205428401
-0.59160714113377 1.58929376104341
-0.538202224557255 1.566271958893855
-0.4858668359074125 1.54634439152843
-0.4359067645812715 1.529932788598045
-0.3835224118487515 1.5156131607334
-0.327392863296884 1.50368757664475
-0.274183962807748 1.4957527070268901
-0.22255179042647702 1.49126824434402
-0.1716201076940485 1.490010246278635
-0.1206971205011855 1.491950284472475
-0.06913846889339101 1.49722329082584
-0.01624541824302205 1.506142444390185
0.038857853750605 1.5192640466999499
0.0887954126375015 1.53456555398483
0.1425909285721855 1.554697165402755
0.19117529445157 1.576125318749445
0.23947097095128397 1.6004453183461351
0.2874591200410185 1.6275188340532551
0.3357559966370465 1.657568403532715
0.38494516981194804 1.69086553740583
0.43563198525773406 1.727722792259905
0.477704153575357 1.759995831604315
0.5215367619936 1.7949213322292952
0.566343952813965 1.831628278494255
0.610638533100515 1.8685106059870802
0.6550218327149999 1.905643996283875
0.699967597525875 1.943011366602115
0.745871335552095 1.980519621028715
0.793083250522865 2.01801371273165
0.8419249260763649 2.055282931158235
0.89268442983093 2.09205425282705
0.945620070330315 2.127996391499805
1.00095537585704 2.1627201509876697
1.0588704847177701 2.195779575269235
1.104077823321075 2.219183239557995
1.15083720701535 2.241141817122635
1.1991529339399398 2.26141325099785
1.249001449587975 2.279744973571535
1.300328119580995 2.29587733589862
1.35304426737728 2.3095478099259603
1.407024671224185 2.320495977311425
1.462105736556215 2.32846927921366
1.51808457542195 2.333229450347755
1.57471922836946 2.33455949773895
1.6317302506906248 2.3322710119433347
1.6888038480516498 2.3262115207321648
1.745596681368205 2.31627152023132
1.801742364996345 2.30239075729691
1.8568595580087 2.284563302774945
1.91056140363797 2.26284096181327
1.9624659217274552 2.237334625415175
2.01220682384639 2.2082132814786
2.059444124039945 2.175700568673875
2.10387388140521 2.14006895667173
2.145236447590505 2.10163184568245
2.18332270427297 2.060734065954815
2.2179779497644 2.01774139419521
2.24910330483321 1.97302976776334
2.27665472354774 1.9269748615936302
2.30063988404183 1.8799426046771799
2.32111337275335 1.832281072402655
2.338170651847825 1.7843140244130251
2.355827615531335 1.72038754579139
2.3680238907550697 1.657047513015345
2.37519594580285 1.594797365204495
2.37781208062585 1.53403635306763
2.376343928735675 1.47494514301527
2.3711570310778 1.4170462299257
2.362552310893565 1.36044959877199
2.350839848576075 1.305338185848975
2.336332135106555 1.25184749985561
2.319337610811105 1.200069484845295
2.30015547605311 1.150056901962785
2.27907168234314 1.1018279379329399
2.25635597634637 1.0553708119212701
2.23225985292292 1.0106482097652
2.2005499421273003 0.957092963761955
2.16745268958338 0.9060023982695901
2.133327103844835 0.8571908195186501
2.09848352569575 0.8104474593195601
2.063185398334715 0.76554265724996
2.027651429071395 0.722231968026415
1.9920577008167348 0.680257978053495
1.9565392350197448 0.639349411357535
1.9211903350426351 0.5992166877685
1.886062624386195 0.5595422358374751
1.85115871467385 0.5199619774865301
1.816416970389735 0.480029850552078
1.7816758225622198 0.43914466845602795
1.746582041706755 0.3963765471456195
1.710295637850405 0.349939029909736
1.673994365592965 0.3003202755513975
1.641306081881515 0.251859652147589
1.611890412215575 0.20396013202676802
1.586108918267515 0.1572660698450795
1.56200888035072 0.10784950429791751
1.53971361615388 0.0545416322265395
1.5219641874542948 0.003520121963191995
1.50793838096789 -0.0464937963727435
1.4972338751368501 -0.09634191572117799
1.48968217239389 -0.1467058482521405
1.48528632587856 -0.198241276063319
1.484213583110865 -0.251680748957198
1.486832761548 -0.307961333903506
1.492517736768695 -0.359483713908875
1.50215751172087 -0.415491755404776
1.51404813685735 -0.466817187011638
1.528924185542725 -0.518735492038985
1.546555820727185 -0.570769258779125
1.5670431950984 -0.62357204126482
1.590542467842485 -0.6777664891725099
1.617248542548515 -0.73399906846972
1.6410627004811449 -0.780924553728855
1.6671565761616598 -0.8300010472075099
1.69505180679723 -0.880699145555325
1.723284828657365 -0.930956912138315
1.751757704686295 -0.9812691385509501
1.78037794033544 -1.032116445399375
1.8089907027730248 -1.083881524336715
1.8373874163706598 -1.13688717438168
1.865310384385945 -1.19141755524988
1.892446839742555 -1.247712693366365
1.91843173720216 -1.30597273454673
1.94284912684858 -1.36635412990881
1.965234553836795 -1.42896174311091
1.980385827686445 -1.477407035291765
1.9938806397909001 -1.5271221743552998
2.00548156476095 -1.578072995533495
2.0149451893492047 -1.63019656581579
2.0220259311273 -1.68339857294011
2.0264805695947503 -1.73755107927871
2.0280734751344847 -1.79249083079252
2.026582480597555 -1.8480183267991102
2.021805289276495 -1.90389786421003
2.013566252181715 -1.9598587653382549
2.00172327941661 -2.01559797600544
1.98617458019126 -2.070784175315965
1.9668648616983748 -2.12506346624388
1.94379056951627 -2.1780666160732602
1.91700373395736 -2.229417691165285
1.88661401009962 -2.278743790748475
1.8527885731371199 -2.325685444855245
1.81574965753789 -2.3699071226040553
1.77576970121121 -2.41110722103815
1.73316425679172 -2.44902689106025
1.6882830346922 -2.483457116694505
1.64149961602002 -2.51424359542534
1.5932004896721599 -2.541289155179185
1.543774108309635 -2.564553660588445
1.4936006180307149 -2.5840515748557897
1.44304280692105 -2.59984752310376
1.392438660451685 -2.612050326452355
1.34209573463981 -2.6208060336111147
1.292287387716825 -2.62629047146158
1.2271124202621349 -2.6288591984864103
1.1637662478125201 -2.62647506610618
1.102598612271475 -2.61966854593522
1.04385700960713 -2.60896991951993
0.9871437355017649 -2.59473426269558
0.9322660190992449 -2.57723861293982
0.879367589761525 -2.556821576461715
0.828543293648315 -2.533818191263185
0.77984384773955 -2.508553706975
0.73328101280393 -2.48133875637572
0.688832874357955 -2.452465789391935
0.646449003710195 -2.4222066097770947
0.6060553347607051 -2.3908108425821153
0.56755864475013 -2.35850516268363
0.521939167940235 -2.317151420225795
0.47887716010731696 -2.275039887900515
0.4381165812880995 -2.232464415518005
0.3993885714468805 -2.1896678081577
0.36241619858797647 -2.14684474631872
0.32691704725440196 -2.10414449239586
0.292603439331656 -2.06167287857852
0.259179812903356 -2.01949291746792
0.226336253426702 -1.9776230082073902
0.19373605987506798 -1.9360308702864248
0.16099270164205698 -1.8946193334137849
0.127625073081288 -1.853194843784555
0.0929606438891955 -1.811393421140335
0.055882873968212995 -1.76847641380018
0.0146208091721419 -1.72330625260844
-0.027320392498165702 -1.6805108737052101
-0.069029966128292 -1.6412588330348499
-0.11103434696448951 -1.6051321932813098
-0.15757028510058252 -1.56907028412577
-0.20006227053950648 -1.539690160692585
-0.24758967266676798 -1.510688503210075
-0.2943002701553875 -1.485976172577115
-0.3410856261489425 -1.46479959069581
-0.3886257612125625 -1.446753628346435
-0.4375508467280015 -1.4316399880503101
-0.4885444341191795 -1.419415824153195
-0.54245214358491 -1.410187656665555
-0.6004550567674001 -1.4042463249430601
-0.65482811844399 -1.402198456069245
-0.704958971608915 -1.4031392790275
-0.7586589835979 -1.406959195146775
-0.812619583498585 -1.41351442469054
-0.8675176005437351 -1.42274010610557
-0.92399626779897 -1.434649493024125
-0.982705884385495 -1.4493033323214601
-1.03174662250394 -1.463056819352945
-1.085159152683375 -1.47700367711518
-1.1431247408551 -1.4847904368738
-1.201589343587715 -1.484523277847855
-1.25914799421009 -1.47583351075563
-1.31428634418488 -1.4587653123498652
-1.3655147013460651 -1.4337982132316651
-1.411509266430715 -1.401817057009215
-1.45123487774154 -1.3640290256125651
-1.4840258018418448 -1.3218412432256899
-1.509611642631745 -1.27672292488179
-1.5280900254612448 -1.23007822397824
-1.54121031547868 -1.175375779212115
-1.54619994492485 -1.121868428808725
-1.5441511992495198 -1.06961004497926
-1.53578656696303 -1.018678958983155
-1.521831946743875 -0.969775221482595
-1.5030917302509699 -0.9233878674215801
-1.47688178187352 -0.87381810768279
-1.44672661404474 -0.828058126553375
-1.413765481857425 -0.78600885806634
-1.379017196904265 -0.747378590914635
-1.343354218983 -0.71173892109195
-1.303022421641355 -0.67457607659283
-1.263208437197585 -0.6397462785115849
-1.224453439670595 -0.60642278538567
-1.183033759385025 -0.5701335551889051
-1.143515770031865 -0.53339427042531
-1.10575296784081 -0.49452717910882404
-1.07251809864926 -0.45501974610359897
-1.0434352721200448 -0.41326555632827
-1.018253134507635 -0.36651096678635603
-0.9999338744747501 -0.3172677118361505
-0.98979734704301 -0.268059549393783
-0.987832778817765 -0.21757972089765
-0.99457933587241 -0.16760849391626
-1.01114779319429 -0.11665103940305199
-1.0357577998501148 -0.070688845233582
-1.0675559594423452 -0.0291945360408242
-1.103889729651645 0.00632383005234015
-1.14744839110214 0.039367553917072654
-1.1940066955269502 0.06748164795726
-1.24145185580226 0.09114994549821101
-1.29022408289448 0.112092601157882
-1.340459464356555 0.1315387340006145
-1.3925276538103701 0.150725771339044
-1.44644099802407 0.17082170085179899
-1.4939101790251 0.1896948549985275
-1.5421384494354051 0.2109328221569085
-1.59053386392561 0.235332085954764
-1.638296877256845 0.26362847905237
-1.68443365362251 0.296424631091698
-1.7277908766296002 0.3341129285899055
-1.7671116377219849 0.3768048274295905
-1.801110984033345 0.42427628311285004
-1.828568950308335 0.475938431509537
-1.84843601478794 0.5308425253197601
-1.8599403476508498 0.58772660698068
-1.86268003513797 0.645106204816635
-1.856680452825665 0.70140196492011
-1.84240056205581 0.75508610282456
-1.8206827255909652 0.804821817104085
-1.79265514346291 0.849569939303105
-1.759607956722515 0.888646002866985
-1.7164762425612898 0.9266503544612099
-1.67029529635582 0.95653121549735
-1.622471971157505 0.9788824488551751
-1.57297517550185 0.9947107662174901
-1.52265352910392 1.00438892445999
-1.4723602962845699 1.008386947349115
-1.415787231945555 1.006775145776205
-1.3608882431698999 0.9995533328713251
-1.308138433595085 0.98780175315206
-1.2577714458732951 0.9725920022756149
-1.209818898229385 0.95493464391774
-1.158592941405215 0.9332747659093201
-1.1098932252218652 0.9107796350308799
-1.063220569699125 0.8883541955769649
-1.01797291591823 0.866709645087455
-0.968494504000555 0.84424086998733
-0.91859087764664 0.824001731720305
-0.86597203991348 0.8064887581423751
-0.81151858795769 0.79364560054394
-0.7574695246307049 0.7872453397919099
-0.705623942009895 0.78800850192588
-0.654103889843125 0.796575549699615
-0.60580094962551 0.813107011144305
-0.56182394013955 0.83723097833054
-0.52103938939031 0.87019311441766
-0.485566708919633 0.91148364852566
-0.45966590122071194 0.95434468798202
-0.4401144877448625 1.000605323000845
-0.425836280474731 1.051972570716135
-0.41740316204475797 1.103656459990145
-0.4134583146233635 1.155244536712515
-0.412807888041783 1.208386052371195
-0.4144864571384305 1.26181861240936
-0.41748948171220546 1.316581791918785
-0.42079522507339495 1.373258692148455
-0.42298809290999106 1.42360854533947
-0.4236995026547835 1.475636361265005
-0.42199050900476254 1.52919966749237
-0.41687073259768653 1.583952294103145
-0.40736210130574146 1.6393218746167548
-0.392579293353281 1.69450286013408
-0.371816996808629 1.748469989910865
-0.3446341302042145 1.8000152319374951
-0.310925825716726 1.847810333147245
-0.270973446167128 1.89049540371098
-0.22546166877689103 1.92678953039183
-0.17545230479222348 1.955612232047055
-0.1223096973041645 1.9761970437872851
-0.06758269785979401 1.988174687634605
-0.01286037881657075 1.991606708971295
0.040372663915486454 1.986961546639305
0.090855049122228 1.9750398358998051
0.137623323788355 1.95686793265094
0.18665593484680149 1.9292866526822698
0.229282151629212 1.89655581615339
0.26620374526201396 1.8595148360428102
0.2978565907843665 1.8187453276241001
0.32422092867686503 1.775255666858635
0.3454851337473825 1.7299682941041952
0.36400160412382 1.6770396281563902
0.377040818825324 1.6238091761287747
0.38545018286025046 1.57104496820749
0.390136478382412 1.519295690229975
0.3920072107561765 1.4689097398726
0.3918178869225175 1.4140649374465402
0.390269333279459 1.36118670875754
0.388335846523098 1.3101096160064751
0.386762757713377 1.25506229917799
0.386811978930019 1.201103817112025
0.38961345070437453 1.146986443314965
0.3959621217298795 1.095757001831545
0.4067809587249155 1.046037143465385
0.423919169659266 0.9957682781870499
0.44755656133495797 0.9488261196698801
0.4767307026018245 0.9079171107651349
0.5123943042571 0.872135657700875
0.553609310220865 0.843086351407595
0.60222617237477 0.82056569133035
0.6526486952589899 0.8073369702179599
0.70468506909295 0.8024146564865999
0.75543276098325 0.804881383842425
0.809278541977265 0.8143268567400799
0.8615489887001451 0.829323860372795
0.9111694537472801 0.8479977582521
0.959696979093825 0.8695009678800301
1.008120634304305 0.8930953344110749
1.0575995944130399 0.918210416188305
1.10899871697213 0.9440611537307999
1.155117984241195 0.966021252079115
1.2034866185116502 0.98693080135731
1.2542861079966898 1.0058143514724152
1.30751235357574 1.02158544836919
1.3629315271927 1.03310570164012
1.42004725012179 1.03926267753469
1.4780867536809 1.03905893566664
1.537513055720175 1.035918982791535
1.595307564168565 1.03379399250999
1.6535786046747951 1.0322319212395201
1.71178423942653 1.03092024655693
1.7703638611248897 1.02952568930633
1.8296109923182151 1.0277184883627701
1.8897247646082398 1.025157326349625
1.95083932986186 1.021480903813155
2.01302162635905 1.016304450674355
2.07627459611521 1.0092193714455902
2.14053767391618 0.99979560190681
2.2056820511537603 0.9875869744513099
2.254999609614535 0.976329877065955
2.30458562184257 0.9630601618802099
2.35429878932815 0.947591563800945
2.4039704519364102 0.9297462119920651
2.4534041839439698 0.90935904628796
2.50237601418986 0.886282672814995
2.5506354245150247 0.8603925598003199
2.59790727501704 0.8315924340286649
2.64389478835138 0.7998196926917001
2.688283694634525 0.76505059697249
2.730747590110215 0.72730496694197
2.770954494492665 0.68665005857397
2.80857450394852 0.643203281122665
2.84328833258676 0.59713341609047
2.87479642303619 0.54866003652787
2.9028281988205302 0.49805090391201945
2.9271509442683152 0.4456172407062605
2.947577749686425 0.3917069338089195
2.9639739664497453 0.3366959027233995
2.97626168798053 0.2809780438862965
2.98442190733521 0.22495431227276952
2.988494186998455 0.1690215974232785
2.98857388721386 0.11356207514342101
2.9848072050996852 0.058933662595965
2.9773844477056697 0.00546208201502255
2.9665320751684248 -0.046565132078211
2.95250409432751 -0.09690253735884549
2.93557336085129 -0.1453486364607715
2.916023272221615 -0.191745864531153
2.8863765410077553 -0.25022832098877
2.85324849288468 -0.304702608353686
2.81727315328931 -0.3551121278033185
2.77903658188246 -0.40149098250352144
2.73885082968218 -0.44416112606850505
2.696708533075455 -0.4836271512013125
2.6529640055785753 -0.51993707529377
2.60795587604111 -0.553168142657245
2.561993144070315 -0.583431796931055
2.5153533409976196 -0.610866836189095
2.468281864063595 -0.63563306070146
2.420992234927105 -0.657905543545305
2.37366705157892 -0.6778695913308901
2.32645942861154 -0.6957164158157749
2.267803746330205 -0.7153423388542051
2.20971447002804 -0.73233811950158
2.15232317558124 -0.74707106220392
2.09570984989301 -0.759895277779275
2.0399075951214902 -0.77114889571782
1.98490602621288 -0.78115308953621
1.930652760400435 -0.79021286271458
1.87705208802684 -0.79861971205963
1.82395923418115 -0.8066565961678099
1.7711671123749748 -0.81460626026565
1.718378887167945 -0.8227653640701099
1.6651501230895451 -0.8314704263327399
1.610754306278335 -0.8411524616365149
1.5538036568004752 -0.8524800041659301
1.49307761294295 -0.86632490823722
1.434986450489665 -0.88172607111666
1.379960287268675 -0.89869992906073
1.3275970356067401 -0.9174296731571401
1.27400567637108 -0.9396745824906549
1.22744414772071 -0.9619563871204949
1.17844094539265 -0.9888767048292051
1.1334062271632799 -1.0172789505418651
1.091294005636835 -1.04755917332004
1.051432488287635 -1.0801133221851251
1.01333855864771 -1.1154045216417852
0.9766266434859 -1.1540290171718248
0.9409485532351299 -1.196813855060105
0.9109097366008949 -1.2377209770288
0.881051383625055 -1.283821005684575
0.85595596731703 -1.32771186423837
0.8313792765382001 -1.3763186551755449
0.8089839038320401 -1.42657803232354
0.788380377353795 -1.47899285889765
0.76923558085999 -1.534124810112705
0.75125237144356 -1.59256042288791
0.737497419116825 -1.6421095051153352
0.7241108674618 -1.694516787183145
0.710875223183065 -1.750126039627445
0.697996292530565 -1.8070951759383198
0.6854883737741899 -1.8639238067677097
0.6729254960451401 -1.921028064951635
0.6599227418915949 -1.9786620964951598
0.6461067091191499 -2.0369764174729847
0.631099622934575 -2.096048716859135
0.61451347878985 -2.1558890561621498
0.5959495365815599 -2.216437899737325
0.57499917011129 -2.277569951862905
0.551249238790415 -2.33909083975105
0.5313530133516651 -2.385328610790215
0.5094841521594751 -2.431495097176525
0.48548347075263 -2.4774242002542453
0.459203904361026 -2.52292456566456
0.43051479402237147 -2.56777983511006
0.399306518052666 -2.61174954962663
0.365495353887471 -2.65457083908266
0.329028418102187 -2.69596102235479
0.2898884914302105 -2.7356212220222753
0.248098493504406 -2.773241063193775
0.2037253331423535 -2.808504475467075
0.15688283036429349 -2.84109654851482
0.1077333936134155 -2.870711306141725
0.056488148324786505 -2.89706016487461
0.0034052589601425596 -2.919880739313665
-0.0512137288056525 -2.9389455599294747
-0.1070295755672445 -2.954070195460425
-0.163672959535011 -2.965120238447375
-0.22075373308430551 -2.9720166332742552
-0.277871377928836 -2.97473890937927
-0.3346260753783335 -2.973326025840665
-0.3906297267133555 -2.9678747231753553
-0.445516249781568 -2.958535489196045
-0.4989505459684585 -2.94550644749307
-0.550635666869965 -2.9290256397169903
-0.600317890202225 -2.909362274183055
-0.64778961076779 -2.886807543586605
-0.692890135752385 -2.8616655774382402
-0.73550462145325 -2.83424500481128
-0.7883388229427599 -2.79466680428959
-0.836568328557355 -2.752276617192265
-0.8802364174696 -2.7077220467496153
-0.9194713289219351 -2.661588485314245
-0.954549074299915 -2.614271844737865
-0.9860385316611551 -2.565618883329265
-1.014092690845985 -2.5159161972706903
-1.03884437476092 -2.46548989716409
-1.0604561247488 -2.414630758720715
-1.0791129740176149 -2.363593426847125
-1.095015898934725 -2.31259674688841
-1.10837604562057 -2.2618249478119496
-1.11940976621697 -2.21142942969861
-1.12833445441229 -2.161530941638235
-1.1368516225860599 -2.099995185902515
-1.14281730673267 -2.03950324771516
-1.146621455861955 -1.98012391103001
-1.148631715875815 -1.92187668872692
-1.149191267316195 -1.8647372458137301
-1.1486182336828 -1.8086412861583798
-1.147206476662235 -1.7534863626280999
-1.145227692542205 -1.69913078409696
-1.14293488061716 -1.64538816892668
-1.1405675361766598 -1.59201483345279
-1.13835949972097 -1.538684040597265
-1.13655176879174 -1.484932957522715
-1.135416455835 -1.4300434964778599
-1.1353119301021999 -1.372724152195075
-1.1368236743102549 -1.31088758790193
-1.14035085294857 -1.2502969112273399
-1.145986996411955 -1.19254702691479
-1.1538661839639048 -1.1369729988189952
-1.16322618307774 -1.087370022946455
-1.175648313788105 -1.0355697048547898
-1.192033848235875 -0.98097316902457
-1.2105929953929748 -0.930422354386925
-1.231497551348315 -0.882642459355765
-1.25498362100182 -0.8368202111854499
-1.2813797760394 -0.792355956154605
-1.311147882062535 -0.748744800245205
-1.344953760264515 -0.7054963195294051
-1.383803644933995 -0.6620481963706151
-1.42233826343492 -0.624064605480225
-1.46759355221542 -0.5845439193647499
-1.510566220367185 -0.551076458382595
-1.55557989837707 -0.519431836348095
-1.6030537010185348 -0.489130717219678
-1.65347474245571 -0.45973818672788047
-1.707361463266325 -0.4308498220424625
-1.753340833587575 -0.40782004173179703
-1.80219607598695 -0.38460178921738797
-1.8542226884388602 -0.3609154749642285
-1.90765014360177 -0.337318425047036
-1.9610113567124698 -0.314112132866525
-2.014632622470935 -0.29079859773211403
-2.0686892199880402 -0.2669512303779835
-2.12325696948745 -0.2421746600353425
-2.178339398029795 -0.2160832235727685
-2.233871691118665 -0.18829423105548798
-2.289718678164495 -0.1584278433123355
-2.345678753751615 -0.126107172669802
-2.40148165553701 -0.09096419460210001
-2.4430281120134802 -0.062543280767511
-2.4841249848217 -0.0322001757800092
-2.5245786361164 0.00018936673412382998
-2.56417297617338 0.034732837974659654
-2.602670535523185 0.071516816107703
-2.639814242957825 0.1106025949379295
-2.67533001948311 0.1520217378917545
-2.7089302810461 0.195771730631947
-2.7403184147477 0.241811941882832
-2.76919425155354 0.2900601367671475
-2.79526050134691 0.340389815385049
-2.8182300432309253 0.392628665256893
-2.83783387747918 0.446558412232031
-2.8538294510325697 0.50191632299961
-2.86600897539515 0.55839854721742
-2.874207277329655 0.615665385685255
-2.8783086743856297 0.6733484356318751
-2.87825236428499 0.731059404979855
-2.87403587093738 0.788400221846055
-2.86571620394917 0.8449739167941599
-2.85340855573477 0.90039564861775
-2.837282562113185 0.9543032010650551
-2.81755636104951 1.0063663098102649
-2.794488869029175 1.056294284619675
-2.768370828068 1.1038415556314
-2.739515241085785 1.14881096901535
-2.70824780525176 1.1910548557154201
-2.67489788108954 1.230474069813235
-2.63979041832534 1.26701532076316
-2.5907864026574297 1.31124586722795
-2.5399091432264003 1.35041686738958
-2.487785774078035 1.38469542315583
-2.43496603308882 1.41432002783873
-2.38178501413679 1.439637837926155
-2.3279828576070902 1.461177555321855
-2.2738116248939 1.47914432057039
-2.21956575871613 1.49373122570816
-2.1654993100435 1.5051537239096748
-2.1118265479328597 1.513642385327835
-2.058723544871695 1.51943653501649
-2.0063304488318248 1.52277881556355
-1.954754192441905 1.523910660501155
-1.9040714314006302 1.5230686271032001
-1.8420473233342751 1.51958795936845
-1.78153836632852 1.5138044709851202
-1.72253702147859 1.506114043717265
-1.66499169277401 1.496881193724705
-1.6088124640972101 1.4864379936672552
-1.55387502610296 1.475084240319215
-1.50002229816416 1.463088583585955
-1.447062950539705 1.45069037381758
-1.394765389340235 1.4381020179082
-1.34284437640917 1.425511649347955
-1.290934238973485 1.41308587704471
-1.238534331407025 1.400972153782585
-1.1848874354731 1.389299362424045
-1.12865673930469 1.3781707153745
-1.067682675395665 1.36775961607275
-1.007546553489815 1.359566633295725
-0.94979209782427 1.35398969097395
-0.8937410115735551 1.35103247672023
-0.8432683564603 1.3506769187448249
-0.790048351839875 1.35290347035852
-0.73332113501799 1.358481506888635
-0.68014530684401 1.36697075841555
-0.62923707926134 1.3782946512631151
-0.579753057502455 1.392528484762175
-0.53104162581044 1.40987939171087
-0.482518478658446 1.43070355087469
-0.4335742397711835 1.4555601008824
-0.3834634430842165 1.485328470343005
-0.33877544525187153 1.515838930808525
-0.291285509226038 1.552649840510815
-0.25017685655741 1.588383492256585
-0.2104646152147585 1.62647037859445
-0.17159723088504 1.6672300936306752
-0.1330542350562715 1.7110570065399902
-0.0943390239642265 1.75838209723129
-0.062893942470429 1.7990743097397002
-0.028149642775419148 1.8422777491646751
0.01393786153817465 1.88302746258635
0.061253784412131494 1.9174552240699552
0.11283789175131001 1.9444378435539948
0.167400224543704 1.9631342265783398
0.223422205776954 1.973081414250555
0.2792934344447795 1.97424954238391
0.333462083739143 1.9670410744650202
0.384571220144408 1.95223314742449
0.431556964106605 1.930876659555695
0.4802161461969835 1.8992929898572601
0.521720544448975 1.8623953776428848
0.556121890258795 1.821894959399165
0.584434230848105 1.7781046020581648
0.60690171708697 1.7318292762615102
0.6237373709039901 1.684042111817385
0.6365905222732551 1.628652878823715
0.64339218930762 1.573411488225845
0.6450689162725001 1.519088216128735
0.6426097714578 1.46621138479812
0.63700314627656 1.415091976372255
0.628097698687915 1.35983229542932
0.61759537389361 1.30689940037665
0.606528574812595 1.25605384740168
0.595758920899325 1.20690971876552
0.5850123568390251 1.1536617166158298
0.57638714058643 1.100872138941055
0.57081276313608 1.046840643496915
0.5697094681286801 0.9934270142204801
0.57454337307853 0.9379784982337901
0.5865250814585 0.88454734628825
0.604630396041935 0.8377517584307901
0.63067859894955 0.79333041790617
0.665373999371035 0.75287384499084
0.7054060824488599 0.7206330389479
0.751598708941595 0.69553132412371
0.8014047500686999 0.67872071639687
0.85578278571502 0.6696135039268201
0.9083738098268601 0.66817109278519
0.9597231440401099 0.67250173627195
1.009889510837885 0.68121663602742
1.06127326987057 0.69375059024793
1.112204663314075 0.708751544881095
1.16399711559811 0.72553029067775
1.217498837382405 0.74327902724797
1.2651979983350699 0.7585026991485699
1.314891221902095 0.77291160147365
1.36671057719549 0.78557859459012
1.420611979240895 0.795464311053235
1.476335149862255 0.801469305133725
1.5333730256099751 0.80250796383625
1.590958285313635 0.797595944138255
1.64807257292678 0.78594210873021
1.7034829499696802 0.7670366010466749
1.7558089890161401 0.740726210646785
1.8036206290701848 0.70726590531988
1.8455603192197199 0.66733352713836
1.880474240132385 0.6219965543552
1.90753005333924 0.57262761292889
1.92629714067968 0.520777859203545
1.93677226772957 0.468029663132335
1.939347360562185 0.4158562240096935
1.934730922959745 0.3655125778125055
1.9214916817900651 0.31037220745878347
1.90135436563386 0.2600649248659065
1.875506238935245 0.214424229058178
1.844540530553535 0.172922844151042
1.8094362546827552 0.135874617260093
1.771149905918825 0.103364694654243
1.72463683286833 0.071616491965791
1.6763084233272552 0.045227967250513354
1.62715726730548 0.02358752401539
1.57797757434828 0.0059599518578720995
1.52936738129674 -0.00844980518908705
1.475870243970995 -0.02181183072814305
1.4239538617965 -0.03320549206256135
1.373734040790445 -0.0436312089842624
1.31982622560085 -0.055182488018192
1.267544212290485 -0.0678350956886275
1.216114886522535 -0.0828816878929035
1.1690939962775801 -0.10011131292324349
1.118425551710875 -0.1241090886409975
1.07318507988438 -0.15249305909857752
1.034710416085995 -0.184508897226823
1.00071382967697 -0.22273861344415452
0.9738439105294351 -0.2654974316024885
0.9539445927913899 -0.315141054518394
0.9437480301366399 -0.3668821299022415
0.942859541741875 -0.4177439617534195
0.95018111381404 -0.467987832147009
0.964465136819965 -0.515968956551915
0.98615599231294 -0.564845933128215
1.012720166311175 -0.6105140902913699
1.04263550939483 -0.653159008411085
1.075594659712065 -0.6943837055318001
1.1106309120370699 -0.734615193964465
1.147571432059015 -0.775195262838685
1.185958767462365 -0.817186716542175
1.219460699214405 -0.855039221027025
1.252827196164915 -0.89519643120517
1.2852146493325 -0.938130858316705
1.315611370729445 -0.9841843214885151
1.342875811271 -1.033508861949755
1.3657975931569202 -1.086010475445875
1.3831762207469749 -1.141305609933105
1.39391150760388 -1.198698785506825
1.39709991278108 -1.2571886652722601
1.392129374434335 -1.315508941871725
1.37876124391729 -1.372207582638135
1.35718384456822 -1.42576164998715
1.3280217714511 -1.474715473975045
1.29229114170395 -1.51782053926162
1.251303211981405 -1.55415087775035
1.206532735211335 -1.5831716888901899
1.15947679554163 -1.6047508829572699
1.11153030140358 -1.6191182788823748
1.056059046446 -1.62746391294373
1.002471457104745 -1.6278374482561049
0.950588239930555 -1.62130423154792
0.9005752813675301 -1.6085853911684702
0.853067060777415 -1.590469112686455
0.80848029243534 -1.567802844782975
0.7613691366235049 -1.537426059630105
0.7183921820982551 -1.5034571024736398
0.67935079936639 -1.46702666558411
0.643865368264685 -1.42912865416664
0.611433449373165 -1.3905990697159
0.57788164588335 -1.347326108840355
0.54660723718849 -1.304806127663555
0.5167459424822 -1.26351128616355
0.4841769528868155 -1.219381700936075
0.45104138303744595 -1.177181650234305
0.41574579456671 -1.136662779683765
0.37969422173440953 -1.10078398368352
0.340891060830676 -1.06857863261374
0.296488601405404 -1.039577734586585
0.2482853679143075 -1.016940902001715
0.20008235712502648 -1.002883387646515
0.150186005446972 -0.9969530299490049
0.100253602034363 -0.9997369036884949
0.04874802118073585 -1.0121561329219548
0.00175389757117668 -1.032829154208345
-0.0413094014359529 -1.060880568900005
-0.079018964006687 -1.0940718941111751
-0.11461043045497402 -1.134508679357055
-0.145370852637625 -1.1781829485190198
-0.17188050320347298 -1.22341196758252
-0.1957540951813135 -1.2704742797397999
-0.2180216679820445 -1.31908974013152
-0.23994888575329448 -1.369601894209045
-0.262691242694972 -1.4219966169423
-0.2837362825486725 -1.46817750498042
-0.307033527414058 -1.51511961678381
-0.3333564754805545 -1.562221879734125
-0.363420542212836 -1.60867656115139
-0.397812102410257 -1.653482520207285
-0.43691212563296455 -1.6954805143426899
-0.480825505456891 -1.7334096468551798
-0.52516173204325 -1.7665541294649352
-0.570549362994785 -1.8015232505910401
-0.616065883193225 -1.83741368713867
-0.66130182929267 -1.87349262308752
-0.706817991528785 -1.909795315423175
-0.753056099937245 -1.946265255839565
-0.80039089767585 -1.98277642198432
-0.849159140570595 -2.0191456729128903
-0.8996641426382601 -2.05513090745578
-0.95217565333653 -2.0904299735136798
-1.00693044626753 -2.124683440092685
-1.06412563712339 -2.157475244257125
-1.1087146927083151 -2.180828762553575
-1.15480145112266 -2.2028791667025347
-1.202404136451285 -2.2233949105544353
-1.25151545079096 -2.242132436967315
-1.30209935416327 -2.258839107703485
-1.35408799280605 -2.2732568674477998
-1.4073789516785848 -2.285126674154295
-1.4618330300779 -2.294193696268895
-1.51727275867485 -2.30021323504452
-1.5734818878401249 -2.30295727626036
-1.6302060756324401 -2.302221510717935
-1.6871549834686799 -2.29783258962314
-1.7440059426484649 -2.289655304888075
-1.800409281383755 -2.277599314172385
-1.85599529868701 -2.261624977693315
-1.9103827421393198 -2.24174785176147
-1.963188501120585 -2.218041405424945
-2.01403808191032 -2.1906376006296453
-2.06257630754497 -2.1597251048416153
-2.1084776063201 -2.12554508010098
-2.151455237699745 -2.08838469521596
-2.1912688634446598 -2.048568710924715
-2.22773000233521 -2.006449660534235
-2.2607050923613548 -1.96239726347171
-2.290116097259075 -1.91678774912739
-2.315938802659125 -1.8699937303110499
-2.33819912148235 -1.8223751608903498
-2.3569678480826797 -1.77427176269153
-2.372354357662625 -1.7259971391123252
-2.3878560403779447 -1.6618496612273
-2.397998333929165 -1.5984783140372651
-2.40323141606659 -1.536357441640285
-2.404031210872455 -1.4758582625243801
-2.4008624398687397 -1.41706557657128
-2.39406052252925 -1.3595038972010198
-2.38392913300166 -1.303333674608735
-2.37078091227077 -1.24872271867978
-2.354928832425565 -1.1957922840717798
-2.33668007336934 -1.144621125810265
-2.3163311566723848 -1.095249992151305
-2.29416423338821 -1.047686278012765
-2.270444391790615 -1.00190862494027
-2.2454178383719148 -0.957871309075945
-2.21263978596031 -0.905169795053135
-2.1785688208082847 -0.854918550954055
-2.14355185433093 -0.806921830110635
-2.1078870463584947 -0.760960500387355
-2.07182570422181 -0.716797791250815
-2.035574451976165 -0.6741829092592
-1.9992972082482852 -0.632852268747615
-1.9631164266530199 -0.592527839295035
-1.927112823441775 -0.552911611492355
-1.8913222768598001 -0.513674138562895
-1.85572729455093 -0.47443277228346903
-1.82023711673425 -0.434709387012577
-1.7846406666377401 -0.393840583375574
-1.7484805314854501 -0.3507533024742155
-1.71071139743608 -0.30334618144918146
-1.674380381970585 -0.25450882822126053
-1.641575800610505 -0.2066216656087155
-1.6119619058965948 -0.1590919721589415
-1.586662766463695 -0.113969046233465
-1.562729130784655 -0.06579239908486349
-1.5402542232967351 -0.01323404507017765
-1.522163570782025 0.03740005907433195
-1.507714008405675 0.08726576453646549
-1.4965380986477999 0.137159754324054
-1.48848718630028 0.187752518371759
-1.483579238687575 0.2397112926219675
-1.4819971868696151 0.293804043245461
-1.484132842207985 0.35104028941947296
-1.4894564598276498 0.40373177111368647
-1.4988494959385599 0.461443043030674
-1.510478311226615 0.5138688772261399
-1.524919083704085 0.56633515262854
-1.54211915552496 0.61916231782786
-1.56217743323948 0.67299572654567
-1.58524321485319 0.72846682047573
-1.6059815471057353 0.774468300871795
-1.628852955494325 0.822312643479405
-1.6539330348599002 0.8723992919889451
-1.680641739779245 0.9239887494989001
-1.7076388261176452 0.9751376513603549
-1.73484208473931 1.02639331861432
-1.76214029789905 1.078225549738625
-1.7893626999263599 1.1310076741002
-1.816286599583465 1.18505350055314
-1.842640575456695 1.240636118314975
-1.8680990782007498 1.297981983723215
-1.8922857624916751 1.3572757499864
-1.9147749793620998 1.418655656064625
-1.93509474650178 1.482205489376785
-1.94860361615229 1.5313062171773448
-1.96037533506286 1.5816206434658
-1.970173176581395 1.633102777686385
-1.9777559834863698 1.68567726070111
-1.9828821836182597 1.73923694719181
-1.98531450156161 1.7936409076220698
-1.98482533870922 1.848713041983085
-1.9812027510547399 1.904241510354915
-1.97425690106094 1.95997918927768
-1.963826798025945 2.015645353161795
-1.949787073709415 2.070928751245325
-1.93205447242346 2.12549219816733
-1.9105936760313948 2.178978716991515
-1.88542204549322 2.231019167619035
-1.856612854121855 2.28124116589048
-1.824296624909455 2.3292789600705253
-1.7886602724048501 2.374783798484665
-1.7499438885838248 2.41743421569221
-1.7084351921225749 2.456945606219355
-1.6644618614406699 2.493078461748
-1.61838216612459 2.525644727467215
-1.5705744687169099 2.554511880771065
-1.521426263677135 2.5796045319047947
-1.471323437736495 2.600903562791395
-1.42064037556148 2.618443024768765
-1.36973141048884 2.6323051798016
-1.3189239560571049 2.64261417417787
-1.268513477881525 2.64952887268083
-1.2023617037052898 2.653793076624785
-1.137889968693535 2.65284879673939
-1.07549950546096 2.6472229974519097
-1.0154838734487401 2.637452433316465
-0.9579342077445799 2.6240358539019097
-0.90231066185013 2.60723528746773
-0.848647932837415 2.587364006334055
-0.7970611149081199 2.56476105073517
-0.747618687632355 2.53975817797553
-0.70034757219959 2.512674366186805
-0.655238433485985 2.4838116561721
-0.61225096324304 2.45345218391558
-0.571318948438405 2.421856234210425
-0.53235498751124 2.389261141440745
-0.486257393703331 2.34743597211323
-0.4428392293320195 2.30474917373505
-0.401846315231821 2.2615125533952
-0.363009652450498 2.217985312893665
-0.3260509955570895 2.17437695982245
-0.290686292854379 2.130850152046875
-0.256626849427043 2.0875229835204747
-0.223577863391559 2.0444701076051848
-0.19123357591658302 2.0017218095510247
-0.1592674366458025 1.9592594902541802
-0.1273138414288565 1.9170045110741398
-0.094933499190764 1.87479353265937
-0.06154183239165349 1.832322492003645
-0.026236215347333752 1.789002731341895
0.0127508854578449 1.7434841017262102
0.054103497623802 1.6982349653047748
0.09510588362580999 1.656688113298755
0.136278262273487 1.61839772947157
0.1764951134128915 1.584311611826465
0.2197670400567095 1.551217306293165
0.267436704820244 1.518898039256255
0.3139040855187245 1.491369027495125
0.360212716927359 1.467625492618075
0.40709319506278296 1.447129629133515
0.45517947804956355 1.42959330637329
0.50512394044953 1.4148969102432551
0.557697952882835 1.4030646447745752
0.61393134281318 1.39427796001382
0.666199552524965 1.38946656050625
0.72391045515857 1.387654557908165
0.777254614140295 1.389016697740585
0.83142444583853 1.3931545462340649
0.886370176198775 1.39994575030797
0.94274938042611 1.409359104773485
1.001207848888405 1.421419363463365
1.04992714709467 1.433008176471515
1.10078779163882 1.4463496579004
1.154192595754905 1.4614495834379349
1.209799731293355 1.47803710014431
1.2650882071336749 1.495064582612025
1.32043334467653 1.512302902572565
1.37629930626856 1.52956272225578
1.433035492996535 1.54661376213899
1.490918214672535 1.5631855734613151
1.550174105783375 1.57896788301955
1.6109741790138699 1.593606030803185
1.673438696197265 1.60670277573372
1.7376341739795351 1.6178205139149502
1.80356637726196 1.6264852846380697
1.85411981985643 1.6310719756048802
1.905560401166205 1.6337755389096098
1.9578053469784151 1.6343721210556752
2.01074261134031 1.632638073392755
2.0642291489109548 1.6283542090579002
2.11808968969898 1.6213106749611899
2.172116197990015 1.6113123846320652
2.22606820362914 1.59818491500913
2.27967419059261 1.581780719119005
2.33263421042765 1.56198544862562
2.38462385203618 1.538724119040665
2.4352996405357947 1.51196679202025
2.4843058545275847 1.481733402235635
2.531282644333055 1.448097331437475
2.575875209586345 1.41118734089643
2.617743664465095 1.3711875252444998
2.65657309954718 1.32833505129175
2.69208326095698 1.28291559264748
2.72403723006741 1.235256553455915
2.75224851551414 1.185718371229925
2.77658606876481 1.1346843718086501
2.796976897129915 1.08254978964863
2.81340615318731 1.029710640138865
2.8259147972938 0.976553125082915
2.834595127883995 0.92344417031052
2.839584625198005 0.870723551968525
2.8410586412028502 0.81869789118005
2.839222488129085 0.767636614123595
2.834303438487315 0.71776981125632
2.823367800586315 0.653462139379125
2.80797175156092 0.5919566988023
2.7887037232550798 0.533485583292965
2.766131115681845 0.47818140756817906
2.740537287606875 0.425619545353801
2.7121386196550903 0.3755173922596635
2.6812944342256197 0.32794538583982547
2.648350572980355 0.28292712879259796
2.61363430382593 0.2404452573416595
2.577450675173675 0.20044745592553198
2.540080119146225 0.1628523199893725
2.501777102302265 0.12755487754501751
2.4627696234058503 0.094431644272617
2.42325937030948 0.063345137486646
2.37343032240404 0.0271256932089765
2.323378818325905 -0.00644455366625995
2.27333823030011 -0.03767607701060125
2.223489346408455 -0.066881607620928
2.173964105397935 -0.09437217384490801
2.12484864199109 -0.1204552342804355
2.07618508094497 -0.1454350236827775
2.027971290196655 -0.16961547979181799
1.9801572848917601 -0.193306601098521
1.9326358090719349 -0.216836088780565
1.885221845298205 -0.240570414444872
1.837608436257795 -0.26495535737709697
1.7892632438843599 -0.2906040549728055
1.7391385582232552 -0.3185310864076905
1.6860444708576101 -0.350103350148002
1.635740526892245 -0.382482072999615
1.588882072740435 -0.4154024132266265
1.5450243140317101 -0.449246988813505
1.500894547911075 -0.48701669905428746
1.463670131520225 -0.522508141744745
1.4256532828727 -0.563106652745335
1.3919082131633649 -0.6038570639985
1.361551627933305 -0.64546159106487
1.3340645386686 -0.688500893869925
1.309132194348485 -0.73355738683673
1.28657672265261 -0.781305561304395
1.266330467635205 -0.83262086390472
1.250842685857275 -0.8803852705002401
1.237183808354705 -0.932920188279675
1.2255664026806952 -0.992357807847905
1.2182141868297651 -1.0459743072364
1.2134459390982901 -1.10048195195463
1.2110604836659449 -1.15654744585387
1.210937407656915 -1.214804199808885
1.2129955965555799 -1.27590613505921
1.2161611008307252 -1.327307993929005
1.2184971294451399 -1.382796794552375
1.2136622420816798 -1.441270692764985
1.200689477830565 -1.4984272505793501
1.1795557745512402 -1.55277659679028
1.15067663443876 -1.6028213699189848
1.114894458114025 -1.6471971874992601
1.073412163934015 -1.6848064563842051
1.027678654885075 -1.71491939305928
0.9792462222000851 -1.73722238795167
0.929627485767995 -1.751807509929265
0.8720346434317751 -1.759667625011155
0.81640355381635 -1.7587470818785849
0.763843156016645 -1.7503924553188699
0.713792799394605 -1.73551459399227
0.666587265153725 -1.7148867029541701
0.6227092438571751 -1.68939308232125
0.57696169489139 -1.655457942203655
0.5359688779851249 -1.617652195907155
0.4995313188843865 -1.57717742799213
0.46724079687041853 -1.5350919606823301
0.4385452366183 -1.492287934483
0.40976557013405646 -1.44415964804891
0.3837743083330945 -1.396781674598075
0.3596253904051115 -1.350655577736835
0.3364131091037875 -1.30605924079735
0.310657006126262 -1.2583988614738
0.28372118145666 -1.212570186823625
0.2539536991272925 -1.167987636867835
0.22195553834822598 -1.1273892054889099
0.187312935399669 -1.09133007063402
0.1473993918632305 -1.05865513117293
0.10121362242858949 -1.030953855121965
0.052653602897816995 -1.01188358674389
0.000665568509269915 -1.0016193174783399
-0.04963188523214435 -1.00104242524012
-0.099442066285519 -1.00945171823493
-0.15033202221522352 -1.02771295332722
-0.1971445435336065 -1.054007236889165
-0.23767378680651402 -1.085118654798305
-0.2775673027275855 -1.12439864727406
-0.3136637692534635 -1.16818837708505
-0.34395561013215953 -1.2112020446988099
-0.37209122026459596 -1.255785304006165
-0.3995347201363285 -1.302333499549385
-0.4274514550703885 -1.350839308302095
-0.4569725006982985 -1.4009980233651749
-0.4844288775262705 -1.4448440597095
-0.51463142411152 -1.48884362855727
-0.54824416706944 -1.53218495589926
-0.585810774346705 -1.573865266368675
-0.6276813258683099 -1.61272599923385
-0.673942979834345 -1.64750977649817
-0.7243647641633301 -1.676935788885065
-0.77836538230748 -1.6997903132901602
-0.8350124343369 -1.7150282163435449
-0.89306066702587 -1.7218774776894548
-0.951033357907845 -1.7199328117874402
-1.00734317903246 -1.70921977097657
-1.060438044260275 -1.69021135562501
-1.1089476972555299 -1.66378736982371
-1.1518034544359599 -1.6311408053021499
-1.188309529591785 -1.5936497600337352
-1.218157757144285 -1.5527413273755901
-1.244641353444445 -1.5024977292575499
-1.262680907468395 -1.4513211292615051
-1.27328435624162 -1.399888777963735
-1.277250731969215 -1.34819418417237
-1.275110895205705 -1.2971300343123802
-1.267531776313435 -1.247401152635185
-1.253173086339285 -1.1928506183890248
-1.233862373999445 -1.141178829066835
-1.210760930182045 -1.09258504090921
-1.184963042545255 -1.04704184020491
-1.15745487026341 -1.004345242721725
-1.125517937458985 -0.95929732110705
-1.09347829328724 -0.916832120107365
-1.062092672325345 -0.8762739553067849
-1.0286482095433649 -0.832561882662455
-0.9971876274001901 -0.78921104558212
-0.96799276744074 -0.744836479792545
-0.9410753565692851 -0.697042192756095
-0.91860028020086 -0.64643960006893
-0.90288633435411 -0.5955934998428349
-0.89463750968144 -0.5458946618316001
-0.8939995186976899 -0.49482765006996854
-0.901735073249025 -0.44523772045701354
-0.919208931244755 -0.39515251748238
-0.94529827210984 -0.349940430491943
-0.9777074758409849 -0.31157072535525454
-1.015770155524095 -0.279095023661929
-1.0627354612448099 -0.250124336382901
-1.1115019630845 -0.22856330841307
-1.16188402050107 -0.21262488235114999
-1.2125880079509401 -0.20123713930975948
-1.264378113670965 -0.192987762347526
-1.317164475937855 -0.18685663677435851
-1.3716761186955 -0.1817599651951975
-1.42827199138692 -0.1766133442392525
-1.47852171666002 -0.1712463081541455
-1.5302596404954252 -0.1640959995349925
-1.583175813224675 -0.1542387413170825
-1.6367465872236049 -0.140732139647619
-1.6902227211694398 -0.12268576496157699
-1.742636742068885 -0.09934523266748449
-1.792832196277525 -0.0701785830897675
-1.8395157868725298 -0.03495466021101045
-1.881333027954635 0.00619576471087675
-1.91696640899983 0.052745734813184494
-1.9452502525712252 0.103775073582101
-1.9652890177015199 0.158019184040534
-1.9765588672371301 0.2139656432195675
-1.9789702236415798 0.2699893372243725
-1.97287490329273 0.3245049540350225
-1.9590145748149852 0.3761088225956175
-1.93842267036456 0.42368449685579596
-1.91230271772563 0.46645746662539594
-1.8765128152775699 0.5097345229509049
-1.836774713083375 0.54576320051557
-1.793666656560005 0.575464452587915
-1.7478058686801148 0.5992578233802199
-1.7002015942506699 0.61730516773906
-1.65173931065186 0.629960452435055
-1.59624646107525 0.63846477457731
-1.5414591549391852 0.641475756494565
-1.487991389441375 0.63997725698199
-1.43622897095115 0.6349733346156701
-1.386359104505205 0.6274327780083351
-1.3325397863818549 0.617024320200645
-1.2809751335709598 0.6056451850774199
-1.23134111132488 0.5942308428314
-1.17790139974375 0.58244254588766
-1.12545354530959 0.57245373070571
-1.07275403823149 0.5651067387220851
-1.0172394213814049 0.5615103926431401
-0.961292417589395 0.56353736804928
-0.909643535024505 0.5718103582402
-0.8599092974179401 0.5871698795777249
-0.812297989406035 0.61083868021587
-0.76965663303618 0.64262565238533
-0.733481477819245 0.6821449617226351
-0.7052490617236751 0.72817335528502
-0.68598751063622 0.778283546065115
-0.675369105102385 0.8306856378958649
-0.6724892576542499 0.881530706833925
-0.6762165101711151 0.93707804976213
-0.6858198172912451 0.9925462330767949
-0.69876899810122 1.0436006691306
-0.714351284143925 1.093909760484965
-0.7319217297434351 1.144897646394305
-0.750730088040815 1.197466358739435
-0.76982610420868 1.25229098094869
-0.7855164420665399 1.301456675058245
-0.799617446690785 1.3528076399817048
-0.811087898821115 1.406337937662205
-0.818814408729905 1.46182910733302
-0.8216842883732249 1.51881622370813
-0.81867315268324 1.57657052874006
-0.8096357764302249 1.63292904181882
-0.800034626680735 1.688084678952605
-0.790889121167345 1.74524351735494
-0.782249650547435 1.8021987213420552
-0.773717868123415 1.859399305128845
-0.76492824476339 1.9171480744502252
-0.75552348513023 1.9756388399553149
-0.74513914901148 2.03498883356029
-0.7333952161754149 2.0952549456021847
-0.71989530541603 2.156425278302715
-0.704226501087585 2.21842468420471
-0.68596327775776 2.28111174669221
-0.664674645116675 2.3442739126959
-0.646465825725955 2.39178661573025
-0.62614129360227 2.43925442399328
-0.603536682938535 2.48649980101003
-0.5785013513533 2.53331884069338
-0.5509030638653399 2.57948166768913
-0.5206329957592499 2.624733588195995
-0.48761091924464106 2.66879713092429
-0.451790396416171 2.711375103364285
-0.41316375557387747 2.75215476100398
-0.3717665831633245 2.7908131431980747
-0.3276814250782945 2.827023566594105
-0.28104036636568147 2.860463184838895
-0.23202615641990199 2.89082142419932
-0.1808715766465305 2.91780899531991
-0.1278568166799725 2.94116707280988
-0.0733047366798785 2.960676142178415
-0.017574043352524098 2.976163955795635
0.03894941600272245 2.9875120332555847
0.09586285458308999 2.9946601988631647
0.1527576936568875 2.997608772571445
0.2092309944052495 2.99641821080552
0.2648964684988595 2.99120620819511
0.319394399249486 2.98214248965484
0.3723999187411245 2.9694417118247403
0.4236292573471605 2.95335502645277
0.472843782066635 2.9341609202498153
0.5198518380580149 2.91215593464464
0.564508576883675 2.88764579610511
0.620226672849515 2.8515983785147
0.67146844979044 2.81235094734068
0.7182242844398801 2.77057144983411
0.7605780430841 2.7268711870897997
0.798756892534435 2.681706366865795
0.83335316612638 2.63496394510051
0.86452387416449 2.58692070209058
0.89237896433879 2.5379202326616452
0.9170618499367 2.488272254294505
0.93874199206317 2.438251181037605
0.9576080868364951 2.388095937342735
0.9738619846343299 2.33801073176826
0.9877133987515251 2.288166534062105
0.99937541007674 2.238703031210445
1.01119785994002 2.1775749993162252
1.020338909469775 2.1173709270927747
1.0271909535899 2.0581911162777997
1.032126629516095 2.00008471266373
1.03549600278362 1.9430555463559849
1.0376254262437299 1.88706669158191
1.038817882203145 1.8320432973452898
1.03935470925021 1.77787305643128
1.039498760069385 1.7244032659701598
1.039499290778995 1.6714325415539601
1.039599385195175 1.61869325345979
1.04004784965034 1.565815895840435
1.041120476755125 1.51225313851969
1.04316500697924 1.457096297387005
1.046724535695505 1.39851402376058
1.05238039730694 1.3373030725105202
1.059977229098595 1.279282983230835
1.069647073605995 1.22387877349034
1.08128477376298 1.17160189751193
1.095995910613875 1.118425602542945
1.11462085431056 1.06362784150004
1.1351251039103398 1.013610345800725
1.15774144052976 0.9668467075879701
1.1827255682024052 0.922430357358355
1.210400912672135 0.8797351158465251
1.2412007746182199 0.83827078980007
1.275730137552345 0.79760064289427
1.314876296051525 0.75727102788879
1.35314259626622 0.722548110915
1.39728131739558 0.687120738345335
1.44004409819559 0.656649894464395
1.48553318345651 0.6276496071844749
1.533140577481765 0.60041208234632
1.58337477956697 0.57451226430321
1.6367646648077152 0.549587843359155
1.693883672620735 0.525286322673855
1.74268166871989 0.5060360475158501
1.7945987459264898 0.4867069294162435
1.84907134565433 0.46733050185167446
1.90353026955088 0.4485194479513795
1.958191702383375 0.42985213487936846
2.0133123748443 0.4109058005728105
2.0690353781395148 0.391290939258102
2.12542275523318 0.3706279104485045
2.1824741823115703 0.348533525340101
2.24011916789751 0.324620876663954
2.2982215386303 0.2984980097121325
2.3565782671854647 0.26977139268529904
2.41491601448323 0.23805322930748699
2.4584510080312247 0.2120768878047395
2.50160746894255 0.1840615996308225
2.5441870437937153 0.1538738230688045
2.585967714347775 0.12139719116008249
2.62670485801208 0.086536983322952
2.66613307406086 0.0492248087172825
2.703968892372995 0.0094233524838036
2.73991446235535 -0.03286900248524275
2.7736622880174 -0.0776139055045095
2.80490102800153 -0.1247293845693855
2.8333223149730697 -0.1740871037130735
2.8586284673189253 -0.22551084006629352
2.8805408707746603 -0.2787764805357835
2.89880870545523 -0.3336137976815365
2.913217596145555 -0.38971018654343853
2.923597685702595 -0.44671642712851656
2.929830590026235 -0.504254385932195
2.9318547039603002 -0.5619263972645799
2.929668400879415 -0.6193258921399
2.923330805218 -0.676048695132595
2.9129600053001203 -0.7317043141385849
2.89872879031359 -0.78592652451612
2.8808582090904 -0.8383826058844299
2.85960942729806 -0.8887807203066499
2.835274477813325 -0.93687510412891
2.808166542705825 -0.98246895278546
2.77861037514378 -1.025415076920115
2.746933379185245 -1.06561457283397
2.713457736432535 -1.1030138640821299
2.66655974010225 -1.14850755673823
2.617700920081225 -1.189073360049065
2.567500013092785 -1.22487109627045
2.516499376909405 -1.25612972408221
2.464689635930465 -1.283356170827195
2.41206690238275 -1.306915453301775
2.35896603886279 -1.326963423504175
2.305683054460165 -1.343686229090675
2.252474417369205 -1.357292470936275
2.199557654275345 -1.36800609919316
2.14711288783223 -1.3760601790254952
2.09528503307104 -1.38169156154904
2.0441864129482203 -1.3851364429801
1.99389959411915 -1.3866267607172
1.9322652027673801 -1.38608272671783
1.872041256555595 -1.383253697991075
1.8132337568432049 -1.37853106156252
1.755804942341405 -1.37227658985712
1.69967887771593 -1.36482140109798
1.64474531177209 -1.356466207212695
1.590861329180545 -1.347482606483565
1.5378500344503698 -1.33811523914019
1.4854948977859999 -1.328584699897045
1.433527078908255 -1.31909120770989
1.38160001951028 -1.309819205286205
1.3292378473854949 -1.300943386216985
1.275721021012795 -1.29263736302156
1.219786006349745 -1.285088018919795
1.159171188889045 -1.278581405748585
1.09923889948137 -1.27424648858117
1.0418789099728 -1.2724093330748851
0.98641812774013 -1.27310286498565
0.9362189362249451 -1.27608059480292
0.883759374258385 -1.281835470227215
0.828148524429295 -1.291183993502155
0.776297713467815 -1.3032089937148401
0.726921192109035 -1.31791281210928
0.67918989491171 -1.335421648940315
0.632478639056705 -1.35598077690759
0.586243322943515 -1.37997907141045
0.5399344733795249 -1.408007768942525
0.492899178595991 -1.44098260517402
0.451312376444613 -1.474304308548555
0.4075360492411855 -1.51402956232959
0.3699066918956845 -1.552332171588605
0.33387398970320953 -1.592893246324935
0.29895165913114996 -1.6360446098904902
0.26466467066091953 -1.68222148084472
0.2305681641411125 -1.731898584937655
0.2031179335398255 -1.7745097016635998
0.1752298894843195 -1.8199787294981349
0.146603409039312 -1.8685897585458051
0.1179042356937805 -1.91880377159251
0.089686039363424 -1.9690308821599298
0.061418650643448 -2.01955284694648
0.032661224374020796 -2.070508293442135
0.00301485653376643 -2.1219410591053
-0.02790156462531095 -2.17382352275102
-0.060462426705434 -2.22606526770701
-0.0950333219724245 -2.2785061154685
-0.131972630644332 -2.330920971813105
-0.171626138710565 -2.383018018778415
-0.2143182196526025 -2.43443675897542
-0.2485081595728195 -2.47229955400691
-0.28467813701490596 -2.509333411279265
-0.3229154185541865 -2.54531051505167
-0.3632843659682075 -2.579983549596735
-0.40582218066754755 -2.61308786797807
-0.45053464395981696 -2.644344491639515
-0.49739203495709355 -2.673464019428895
-0.546325442413045 -2.7001514939640248
-0.597223718788975 -2.7241122288653252
-0.64993134946537 -2.74505854068768
-0.7042475208870951 -2.762717254464915
-0.75992666117804 -2.77683776431275
-0.81668068803418 -2.78720033667478
-0.8741831257206301 -2.793624253594455
-0.93207514365449 -2.795975320508225
-0.9899734270683951 -2.7941722232668047
-1.04747962675536 -2.788191227554665
-1.1041909686113551 -2.778068781312565
-1.159711458946775 -2.763901709440865
-1.213663023959195 -2.745844870896625
-1.2656958924024049 -2.724106360488005
-1.3154975799152449 -2.6989405516526697
-1.362799957973685 -2.67063945997366
-1.407384071893 -2.6395230325173302
-1.449082582181425 -2.60592901881659
-1.487779909627535 -2.570203053544455
-1.5234103383708049 -2.53268949046566
-1.555954453758275 -2.49372339353166
-1.59458916469843 -2.44005781941983
-1.6279296132187198 -2.385071850007865
-1.65621354400091 -2.329382547548935
-1.6797429656645502 -2.273520379992775
-1.6989138186617652 -2.217759814734685
-1.7142238519656299 -2.161777109920105
-1.725897708716925 -2.1058304380543
-1.734162871947985 -2.050196454877005
-1.739265094736055 -1.9951083872325601
-1.7414610861377302 -1.94075746906406
-1.741012208624025 -1.887295280062175
-1.738179197902755 -1.8348366858808198
-1.7332178621240601 -1.7834631260882048
-1.7263756837472701 -1.7332260437457052
-1.715537221876885 -1.6720634625519701
-1.70256219273474 -1.6127118882914449
-1.68784931058855 -1.555121535747225
-1.671760575352995 -1.49920252815924
-1.6546208424371802 -1.444831181198365
-1.636718466906825 -1.39185446531786
-1.618306688637555 -1.34009227984877
-1.599605443078565 -1.289336949852545
-1.580803266112875 -1.2393488827227401
-1.5620588729786 -1.18984632092965
-1.543501728664015 -1.140484897280315
-1.525230188362525 -1.09081723749258
-1.507303527101435 -1.0402075367902601
-1.4897159249226148 -0.98762372571923
-1.4722992736828 -0.9309846273590351
-1.456202021036945 -0.8719244578894999
-1.443065406935935 -0.815184281573285
-1.43278493786133 -0.76008689742105
-1.425509646110725 -0.70772285712446
-1.42074968655441 -0.6533787738385299
-1.419038406212695 -0.5958942510865299
-1.420741259129765 -0.54206849595767
-1.425558820587905 -0.49045475945548
-1.43342276737877 -0.4401401030775395
-1.44442488096049 -0.39043500665552
-1.45880863779001 -0.340729987911345
-1.477000800653315 -0.2903977830066875
-1.499694954023955 -0.238685859933046
-1.5235832222048349 -0.1924734874897765
-1.55285182632005 -0.14340451829040052
-1.582506310831995 -0.0996048475243665
-1.61503519840119 -0.056498846118255994
-1.65020154109423 -0.0142265186444659
-1.68833420115695 0.027780910359279147
-1.729804174726635 0.070047886300873
-1.7750273568516501 0.113110471146271
-1.8136957627375998 0.14835259337436751
-1.8535940272887501 0.1913337553775605
-1.887314534212225 0.239388446101227
-1.9136893191958648 0.2916425842326925
-1.931806171782585 0.3468729031407155
-1.94111258735341 0.40359368227388154
-1.9414861475934149 0.460184785911979
-1.93325279808322 0.515042949016845
-1.91714571690513 0.566729387710855
-1.89421292128638 0.61408628403528
-1.865694727437005 0.656303611300675
-1.8271049236461452 0.698480716393475
-1.7846765230001398 0.73290818641342
-1.739628268420115 0.760180677631435
-1.69209943555347 0.781188686290375
-1.64309217762686 0.796144257377195
-1.5935109425892748 0.805432691913935
-1.5370964954278399 0.8097970907782299
-1.481762103604085 0.8084077880308451
-1.428099031579055 0.80230044369811
-1.376457712028595 0.792527289201945
-1.3269816614318901 0.78010029762142
-1.27387177026347 0.7640998613912
-1.223232994826565 0.74706567165543
-1.174679696948075 0.7299541438780099
-1.1225665350247 0.711782411803875
-1.07155991964434 0.69530474300806
-1.02051122290474 0.68122837759348
-0.9674154783053449 0.67028900359582
-0.91343723539271 0.664180537726925
-0.85952970505117 0.6642942455281451
-0.8079025479285651 0.671465144885975
-0.758137884583455 0.686444274313885
-0.713058863747955 0.708816504899975
-0.670743550350115 0.74042831592595
-0.635863959895375 0.77847867433103
-0.60747228721269 0.8240353148537449
-0.5871496102533851 0.875009519692885
-0.575205401551675 0.9288578577731201
-0.57081801748436 0.982137570676505
-0.572280439806695 1.035250109561615
-0.578129587006445 1.087009364991675
-0.587223439991205 1.13854681414656
-0.5986159408909499 1.190446278242585
-0.61151826480977 1.24370761041303
-0.62501323409681 1.29900357209016
-0.6362023363671401 1.34838253464619
-0.6461422795601199 1.3997630519564699
-0.6538498829574799 1.4531404729605
-0.658257060229965 1.50831160220758
-0.65827553202191 1.564840864753025
-0.652880037210945 1.622040916041995
-0.641200208468405 1.67897358112161
-0.62261169651227 1.73447528364045
-0.59681803215102 1.78721051281044
-0.56391375098638 1.83575539365173
-0.524416979659005 1.8787089460802602
-0.4792590447022415 1.9148218396811099
-0.4297229945670395 1.9431236999104597
-0.377333177218934 1.963024618633635
-0.323711335612974 1.9743686383217451
-0.270425211620765 1.977427669176955
-0.21885788595595002 1.9728398563309948
-0.170118708482889 1.9615100879106202
-0.11787509985647 1.94118620533817
-0.0712501340888035 1.9148525654445852
-0.0294957353270118 1.8832958495699148
0.0075197904963970495 1.84727128318981
0.039635134797469704 1.807788272843115
0.06690992952153349 1.7657986034344049
0.0924703635534725 1.71583843453065
0.11260869117814401 1.66482423081071
0.128066747626514 1.6136481122253499
0.1396766658594445 1.56299229543815
0.1482989503231435 1.51333969712385
0.15547043932968801 1.45904973106975
0.1610279863583725 1.40660303632501
0.16595890128420301 1.3559885796935451
0.17176177576214352 1.301670968232025
0.1789696594339305 1.248886959343245
0.1887666837729905 1.19673865725065
0.202994125796361 1.14319562694981
0.2226840252873125 1.0909948767636348
0.246961517493401 1.0447539082202
0.277464113665233 1.0024533547224
0.3150815388832205 0.9649760677501151
0.358757920771008 0.9348496750899301
