2 0
1.99726565658239 -0.05324545752719349
1.989619062645335 -0.1034121982237485
1.9760726141210347 -0.1560989830552785
1.957793334420915 -0.205700281611376
1.935480372661895 -0.2518708543470465
1.9073536816671102 -0.298094134046636
1.8754546937304302 -0.340701643169916
1.8399471613434801 -0.3799848214770105
1.801324899896485 -0.4157554392945775
1.76008583094328 -0.4479145939501235
1.716764808588715 -0.47642022361673747
1.672334878452975 -0.501092750273615
1.623633898382335 -0.52373299464219
1.57481764561327 -0.5425320649932399
1.5262678740651698 -0.55794090865672
1.474602757503135 -0.5712710584336149
1.4238089693172902 -0.5817674081087449
1.374018940293035 -0.589969618801595
1.3218322371507951 -0.596785262230365
1.2707940037258951 -0.602120289384505
1.22075296414273 -0.606501046482565
1.16817800755213 -0.61067393067025
1.11593073959947 -0.614897780925
1.06314660885063 -0.619800893940855
1.011624838835875 -0.62577140548442
0.9593697543414599 -0.633631942718755
0.9090139132298599 -0.64354144650197
0.85848345245197 -0.656450439371945
0.8091707546164499 -0.6726234619077449
0.7613977459810249 -0.69243917917766
0.7152069347988099 -0.71636169314814
0.6712577574954001 -0.744485459523475
0.6304345137425 -0.776448400025175
0.59257322467092 -0.8124494375974949
0.5584531549077301 -0.85161694421934
0.528627508653585 -0.892623139981955
0.50198390119027 -0.936203750107485
0.47773999783370946 -0.98325411725259
0.456612943675044 -1.031582567173035
0.43822777069450797 -1.0804180963155
0.4218822452755715 -1.129798333021475
0.4072249236924785 -1.1787909712254
0.393097346643568 -1.2293564383778048
0.379206058885478 -1.280633480001085
0.3654437684652225 -1.330958300070885
0.3511908442912915 -1.38074357175509
0.335943317615749 -1.43012014219152
0.319274553354854 -1.479033219135335
0.3008245088836165 -1.527301790197185
0.280303900817185 -1.574652754306025
0.257503950927062 -1.620746669504165
0.23230681315799248 -1.66520129554694
0.204624193849864 -1.70771448660789
0.17397230559378601 -1.7485539461964
0.1401710628449045 -1.787420835958375
0.1031862751349905 -1.823863410967265
0.06306176840041851 -1.85741184855436
0.01992469222297625 -1.887591154040815
-0.026011559556992248 -1.91393554148735
-0.0744473321998035 -1.936003937144005
-0.125000040127616 -1.9533960462735098
-0.1772111427857285 -1.965768225842665
-0.23055684730925902 -1.97284825010462
-0.28446233817995503 -1.9744479784435398
-0.338319019705084 -1.970472963390455
-0.391503951870759 -1.96092818518303
-0.4434004124404075 -1.9459193610861298
-0.4934183719271615 -1.9256496244392651
-0.541013651922325 -1.9004117535574099
-0.5857046571538851 -1.870576498611835
-0.6270858088144801 -1.836577852540945
-0.6648371218236 -1.7988963008894898
-0.69872971137155 -1.7580411474838251
-0.728631615591605 -1.71452609385499
-0.75483163534942 -1.6682079331649249
-0.776795882100965 -1.6204974446313698
-0.794575768206365 -1.572329477646405
-0.808523797332405 -1.5241559664641249
-0.81975943731725 -1.472377621964195
-0.82746426855803 -1.42135919478289
-0.832149031809645 -1.371339335313905
-0.8343819891526749 -1.31875392106173
-0.834262974598 -1.2675737834513652
-0.83212783345949 -1.21428348047062
-0.828488958650335 -1.162482052455675
-0.8238663911525601 -1.1119676256587
-0.8183677868697851 -1.05916948856513
-0.81276815691855 -1.0069898739134249
-0.8075275142425051 -0.95466157106043
-0.803361928629795 -0.9042880241887451
-0.8005808470188599 -0.853919706033065
-0.7997227020459 -0.8008990294461601
-0.801616642661205 -0.747513285794525
-0.8064611776288 -0.6975736190262151
-0.8147370880415551 -0.64812649159466
-0.8272933651001051 -0.597876071561085
-0.8438364980076001 -0.54983859154506
-0.865181567294985 -0.50251315583813
-0.88997656419645 -0.4589671620858525
-0.9189118448494049 -0.41756117228230505
-0.9515200443341201 -0.378826544064488
-0.98859710237851 -0.34176506020910347
-1.026822064106795 -0.309090754238323
-1.06752698381036 -0.27880429434106146
-1.11236531160516 -0.249406753529895
-1.158388459848575 -0.22238040502497597
-1.205473318880485 -0.19704988294242
-1.252115331695875 -0.17347211451431901
-1.3005382948582 -0.149862258207418
-1.347524491841805 -0.127167774560406
-1.3938196407801748 -0.10444894752289
-1.43971109310551 -0.0810481282607665
-1.485256987726045 -0.05643206300280949
-1.53036797230725 -0.030138136319105203
-1.574842923502215 -0.0017566911120593849
-1.6183879388265399 0.029070837307056153
-1.660629306097545 0.0626459283572135
-1.6980829465833551 0.096281010707302
-1.7336590986161748 0.1325831283248065
-1.7669353393002 0.1716127443217555
-1.7974677957341552 0.2133583606704495
-1.8249649661600302 0.258020036202329
-1.849327212385115 0.306416288521145
-1.8682629571158897 0.354064860449657
-1.883277040530175 0.40470036839977597
-1.893693884644215 0.458044863189884
-1.898609197524055 0.508542418904315
-1.89869127015854 0.56051621033624
-1.893509566025715 0.61344457603193
-1.8827068289026951 0.666709227856925
-1.86602404424742 0.719607735658915
-1.845865740696215 0.7662696461397001
-1.8213424648039251 0.8105966759236001
-1.78996397830123 0.855838678948945
-1.7550277015110751 0.8965372089842051
-1.71734945611712 0.9325368264024
-1.67770176590187 0.9638433810672151
-1.6326459421920148 0.993027305186175
-1.58685215106228 1.017020164831685
-1.5407199322829048 1.03633139631646
-1.48985751336873 1.05273790019127
-1.4389426272259451 1.06463204154091
-1.388435682082775 1.07241424321588
-1.334594110550525 1.076709679483975
-1.281982323983875 1.077259530845045
-1.230815696522815 1.0746266128107949
-1.17745983991966 1.068848117640755
-1.1259486316673 1.060625538032
-1.07622611122979 1.0505226916205601
-1.0247869605590352 1.03817766309996
-0.97500941151251 1.02477819765139
-0.926576386229675 1.0107746367603299
-0.87594114011868 0.995593271563175
-0.8257321917053201 0.98052117346086
-0.775001319030395 0.9658455533044499
-0.725469037432745 0.95261375760331
-0.67471295783775 0.9407460570197349
-0.62363623926109 0.931083852060865
-0.57148966914333 0.92412138732395
-0.5207094566446651 0.92064658797242
-0.47020061402905206 0.920871121744935
-0.41988554415274804 0.92516738504799
-0.370365843668423 0.93377911806138
-0.3202298470683075 0.94737286269852
-0.272411095244056 0.966062901270945
-0.22930628391409652 0.991734839077745
-0.1900681432541885 1.0250146535054199
-0.156131273546914 1.064572494691625
-0.1286009523815255 1.107992968657725
-0.1063197842717635 1.155760620932565
-0.0896929808285305 1.2053185977737049
-0.078028481881565 1.255382158030235
-0.0701638404198775 1.30753382781417
-0.0658499870976655 1.357498552703925
-0.0639582306042265 1.408209858776965
-0.063935208796372 1.45970404313677
-0.0652474628000465 1.51242693834768
-0.067184559830676 1.562495461149225
-0.069351955877392 1.614149645877085
-0.07123490700306499 1.6675761924127852
-0.07220699496220499 1.718205876173665
-0.071925168218391 1.77044245781208
-0.06981301440700201 1.82422860379417
-0.0657792218604615 1.87434541468252
-0.0592225935321535 1.9254330300239348
-0.049639709282920955 1.9772283131625048
-0.0365324990145348 2.0293882308184
-0.0194242676189744 2.081486548149845
-0.00024267075709846 2.127900429375075
0.022816241146269 2.1734145077737947
0.0499838085050007 2.21753306085603
0.0814284224375435 2.25970065205817
0.1172405387323335 2.29930484778846
0.1574165329604845 2.335682455490095
0.2018421201946745 2.36813029239633
0.2502765191618275 2.395921287268675
0.296390256025321 2.4161251162667403
0.34500650209172 2.43157670711945
0.395524212600344 2.44179298586937
0.4465174739378825 2.4463823732834
0.497109537293138 2.44536819871221
0.5526434101247151 2.4377803726455403
0.605810715777745 2.42382907591624
0.6558147944819199 2.4041563387183897
0.7020343053273901 2.3795211450477654
0.7440357582413301 2.35074578463561
0.785458422873465 2.3149326557263747
0.8212635186001449 2.2761402334317653
0.85162523073342 2.2352677973155197
0.877269050085055 2.192243272521885
0.900196578819695 2.14295296543186
0.9177114801514851 2.09234442297116
0.930049260491535 2.04109830614446
0.9375338754440851 1.98980223401317
0.94055277884875 1.9389475363257802
0.939535108751785 1.888931373458045
0.9343532825492551 1.8356852249563702
0.9255046764470899 1.7840950312638602
0.913581654979555 1.734352873576715
0.897858606973525 1.6826726450639502
0.879884219811475 1.633326232833355
0.860289123081395 1.5862760310752049
0.83802275676569 1.538060846237185
0.81515122487918 1.49221500811703
0.790567406028115 1.44547603813366
0.766416354522075 1.40091318903709
0.741601537588805 1.35543711451461
0.7167294170903851 1.3090494540679
0.693734501054755 1.264241227258295
0.67171455187018 1.218071359932505
0.651314752954 1.170238735927445
0.634058889580445 1.12271991676726
0.619568758581495 1.07212085595234
0.609714218754165 1.02192941014795
0.604835843187155 0.9692266175215399
0.60618554645584 0.91781791124987
0.6140978220930949 0.868138462430305
0.62939037531181 0.8194145898738251
0.6525933439621701 0.773213626387535
0.683181757830615 0.73187513024221
0.7199899249236 0.696975045694055
0.762485299500105 0.6688275723773349
0.81003042126047 0.647884478956595
0.860174441607005 0.63487124761597
0.9107246147318749 0.629376754057
0.962416239373515 0.6304995434991351
1.0128057572221398 0.63737073299858
1.0616705594072449 0.64890588163761
1.1116686154266149 0.6651460007073451
1.161442534635585 0.68522443683617
1.208240558002865 0.7071134588767299
1.256159127822075 0.7319310065828699
1.3018263412982098 0.757212891929305
1.34525449216669 0.782131560671505
1.3905160176820701 0.80839092532749
1.4379464976046 0.83556312288754
1.48322224633891 0.8605890050037599
1.53078379929372 0.88538428133464
1.580813530532825 0.909323829782055
1.6280497000123852 0.9295443664457901
1.6774060530885548 0.9479083159416699
1.72883260461455 0.963795197332075
1.7821905479840652 0.9765626010639149
1.837239348943455 0.985566745054965
1.8871044350850847 0.989897532310545
1.94268075998751 0.9902176723887649
1.997532903559425 0.985585326156245
2.051609048727245 0.97581477381282
2.1047652985152103 0.96064460761117
2.15677516618653 0.9397264175982899
2.20179691327237 0.91593255291674
2.245150741533215 0.886964131890025
2.285206741997495 0.85352237636769
2.32123723461761 0.8161158115271651
2.352736045414785 0.775286774615315
2.3793050208938853 0.73167394468392
2.4006747480764252 0.685983577491585
2.418345943566835 0.6330201983356399
2.429307867110985 0.57941197315322
2.433800728308245 0.526145151021285
2.4322417117324298 0.47409615203723654
2.4251816966171047 0.42399902449410903
2.41166285014761 0.3713196609354465
2.39307431220155 0.322317034436894
2.3702164810606403 0.2770918733847425
2.340417464504985 0.2309501480841345
2.30639680857192 0.18881904078293
2.268883481133685 0.150908270270475
2.22858048131048 0.1172917444148855
2.186145064058805 0.0879271798526315
2.142176029083915 0.06267675944345799
2.093085806643595 0.039570703666698695
2.04340490207017 0.0207522771757314
1.993639846651955 0.00581185460604135
1.944207636048595 -0.005694789237721
1.89141732224011 -0.014819702529401648
1.839733916869705 -0.02104152292449085
1.789391023788625 -0.02492902372315575
1.736849755870735 -0.02711921876386735
1.686145976223345 -0.0278365701322844
1.633894815003665 -0.02758855852495955
1.583757129186105 -0.02685368094219425
1.53250921303213 -0.02608109717804295
1.4804182976382552 -0.0258054114445462
1.4276764586790098 -0.02664386651936095
1.377130898801215 -0.0291041910667585
1.32579496323505 -0.033919828719538095
1.276062523265625 -0.0415115365621269
1.2272363531194699 -0.052553096310140504
1.177928642928435 -0.06830681947768749
1.131569347719115 -0.088581519133217
1.087800375470705 -0.114242847439553
1.0471959950646401 -0.1461102857880895
1.01212744749052 -0.1834038451958005
0.983618460126775 -0.22578739366419903
0.96264373305689 -0.2727119238102935
0.950256625749055 -0.322413586526991
0.9466967555536201 -0.374397948211632
0.95190379695128 -0.42566315111396447
0.96528196475297 -0.47604284351108495
0.98547769890895 -0.523353415829885
1.0122403627730099 -0.56881886611026
1.04369631314484 -0.610653669410665
1.07836721540238 -0.648667916229135
1.1168831577135498 -0.6847132468813399
1.1556607806379 -0.7166432877127751
1.19749327692475 -0.747763775368755
1.2388787009352549 -0.776260524665055
1.28291503232966 -0.8050051370140651
1.325536172679765 -0.83200523546033
1.370165337948055 -0.860086795972505
1.4165610046063 -0.88975587876856
1.459965436553925 -0.91857340492129
1.50414779270022 -0.9496079490827449
1.54417428254892 -0.9798081617973351
1.583998720256295 -1.01248795023493
1.623110598236385 -1.04793527946425
1.6609307696884952 -1.086388471155145
1.69682044347965 -1.1280152783855901
1.73009373873326 -1.1728919424529851
1.7567442328556802 -1.215224925073365
1.782399551945525 -1.26444238590553
1.8033198302944498 -1.31532834576089
1.81930517117078 -1.36791793780095
1.8300461408324398 -1.422201414354215
1.8351162010907551 -1.4781377810685299
1.83440209774589 -1.529201773416865
1.82828940901822 -1.581048315349835
1.816690311705435 -1.63190149790189
1.7997299532962299 -1.6809534851080599
1.777668984481935 -1.727508043469475
1.750902263739905 -1.7709235542723398
1.71994195874989 -1.8106442577432351
1.68085379039421 -1.85036486091655
1.63817339897088 -1.884410955331375
1.59288663155072 -1.9125581911551102
1.545958955007365 -1.9347882861805448
1.4982877049906 -1.95126447632577
1.4454101899926202 -1.963203828023755
1.393505027250785 -1.96900284709669
1.342929743180515 -1.96932365147426
1.288331446601085 -1.9639166632767249
1.235369117268795 -1.9529502777844499
1.1845562964922451 -1.9369767945459848
1.136274673917985 -1.916586262751565
1.09078269857579 -1.892380320747705
1.048228204394435 -1.8649518103887448
1.0052139933140851 -1.832022335158495
0.965714317416705 -1.79662664434262
0.92959588289525 -1.759399019499785
0.896654658028635 -1.7209102736038449
0.86425623729539 -1.678375034560705
0.834915680455455 -1.6355056101380998
0.808236922911585 -1.592767160465165
0.7820204260435151 -1.547321524919675
0.757930980401585 -1.502838837925435
0.73395313643908 -1.45655929476971
0.711358891718115 -1.41193593425786
0.68825700659701 -1.366326455890865
0.6642970606457099 -1.3202126048876148
0.63902078317178 -1.2740478741532049
0.61330338943916 -1.23057805326477
0.58510234951549 -1.18750420688756
0.555153278057365 -1.14712969441605
0.52251440477873 -1.109141992100815
0.485346785450447 -1.072868318153345
0.4455944164798735 -1.0414301948775448
0.402525373802363 -1.014996738836985
0.355649074146197 -0.9943229971382751
0.3065972813157215 -0.98100175757786
0.255888657004641 -0.9757601134230549
0.2046063621858755 -0.9792955374777501
0.1541053095764185 -0.991228431751845
0.1050968816086475 -1.008219059773975
0.057705219697335 -1.02962649386633
0.01355536131771915 -1.054164031058455
-0.028614270812465398 -1.08184718976112
-0.0700618369201315 -1.11309747977477
-0.1090164537985205 -1.1459790929790399
-0.146159439407606 -1.180210780129825
-0.1819200560250535 -1.215396791058905
-0.21926183240589153 -1.2538514721018499
-0.25622629279605447 -1.29287714130258
-0.29341327321336447 -1.3322584512902351
-0.328383070963566 -1.368673735682285
-0.36473542624092953 -1.40525073460006
-0.402944440209978 -1.4417394962570849
-0.44344283206597 -1.477779137762145
-0.48257346028174597 -1.50975930705381
-0.524164777587555 -1.540549720076125
-0.56840674387308 -1.56964666359773
-0.615412857671825 -1.5964804166285351
-0.66519929596741 -1.6204268337505252
-0.712302564294865 -1.638964430387075
-0.761407853908925 -1.6541383829471
-0.81224756760367 -1.665470610648675
-0.864451449056995 -1.67251793880631
-0.917548471963795 -1.674897632868745
-0.9709761616023049 -1.6723138217917453
-1.02409823453408 -1.66458233851009
-1.07623047427183 -1.65165096682239
-1.1266734657726398 -1.633611982729515
-1.17474942100299 -1.61070441899795
-1.219839207605725 -1.5833047197617751
-1.26141523339406 -1.55190620382589
-1.2990662861462199 -1.5170896042878899
-1.3325117379385 -1.47948838259623
-1.36456610261521 -1.43523427884066
-1.39122868910916 -1.389213081046265
-1.41264330840958 -1.3422253702437599
-1.429083406293075 -1.29497432484499
-1.44185996115431 -1.2433944549215599
-1.44962396812577 -1.192828543643885
-1.453092031178595 -1.138748460734965
-1.451908212718485 -1.0857016789906502
-1.446578479001845 -1.0340836364893249
-1.437626544642195 -0.9841755230694501
-1.424442950432935 -0.9322423202365799
-1.408249258341875 -0.88263197472328
-1.389631448106885 -0.8353509795560351
-1.36747665210482 -0.78695021252244
-1.34370513710962 -0.740986977965435
-1.31881331161203 -0.6972215682556799
-1.29136803832138 -0.65244134003939
-1.2635168484601451 -0.609450679853
-1.2355674254172 -0.56779762658607
-1.2058816090988151 -0.524257495420685
-1.176444049694545 -0.4808757169241605
-1.147184098232935 -0.4365486013102905
-1.11948983119508 -0.3923517077108895
-1.092918056451175 -0.346450032731063
-1.0693902432790001 -0.30113049001279946
-1.048080810757265 -0.253718233231799
-1.030264424780055 -0.205717866758021
-1.01610533253136 -0.156353513627507
-1.00607665107673 -0.1054910116610385
-1.00070527544617 -0.053641249999983
-1.00029700403209 -0.00143500692480705
-1.00487146417893 0.050323258245824495
-1.01404108881143 0.10048717490211849
-1.02769571049868 0.15017562892158248
-1.04569462554913 0.199541725720503
-1.066499616500825 0.24593426501872
-1.091068705716475 0.2927296548163465
-1.1177575278795 0.3377437324997705
-1.146153516789345 0.3815425709413815
-1.17574348516434 0.4244349936703425
-1.207126958897675 0.46822817480996903
-1.238813506749115 0.51178783459767
-1.270758999119735 0.55604239116859
-1.3000755951097849 0.5978163540637
-1.32913151486348 0.64120985350016
-1.35753939137843 0.686609773718645
-1.3848118972028751 0.734341963048315
-1.408129331576265 0.7799739036708251
-1.429520107955425 0.8278688811485949
-1.4484229280681649 0.878071753057645
-1.46423390046723 0.9305293114127849
-1.4753016661600449 0.97953159560159
-1.482899521734395 1.03001047159334
-1.486590421629905 1.081658680243565
-1.485979560930465 1.1340737095747548
-1.4807386430992602 1.1867612629699151
-1.470630646506815 1.239145748880285
-1.45553276165037 1.29058857221565
-1.43545466944703 1.340414116260645
-1.410549218186095 1.38794209964363
-1.38111303433213 1.432523673036155
-1.3475757489046551 1.473577517317255
-1.31047819756663 1.51062169789245
-1.27044178458688 1.54329738838701
-1.228132684362345 1.571381809740595
-1.179276612681555 1.597102418982595
-1.12933318957693 1.61711933094649
-1.07910650112617 1.63166426571954
-1.029288699013515 1.641095309564415
-0.97563281654826 1.6460942433912098
-0.923728266094295 1.6460989108496349
-0.8737748891294951 1.6417588447698102
-0.8210101024034101 1.6326138352913648
-0.77030309500178 1.619412077710955
-0.72188147710828 1.6027245467414448
-0.67586559322767 1.583106576312815
-0.628761738781065 1.55915295266815
-0.5844529693115901 1.53298224264224
-0.542798094795055 1.505134929934055
-0.500675657919905 1.47380631727488
-0.46109214445326446 1.44156739832016
-0.42110693327570753 1.40646658389514
-0.3831835679962295 1.37115547752929
-0.3468362208078005 1.3359035026251251
-0.309213962240559 1.2985486823645052
-0.2720734328606515 1.261500645754265
-0.234505524430724 1.224616931388565
-0.197657026119391 1.1897365947737
-0.15966292283109348 1.15577128488277
-0.11894526274960351 1.122208311308025
-0.076200144621125 1.09058555655135
-0.0320265290614161 1.062065592754815
0.0133427483127667 1.03726873182227
0.0600089476699725 1.016468901109425
0.1077507711086555 0.999987796513355
0.15817660329135702 0.987642764141395
0.2083352575932345 0.9802911788765
0.2594894384774255 0.97761087259233
0.31038334990392646 0.979523255947435
0.36232067568978 0.9859109493950801
0.4116809525483595 0.99585151451996
0.4614694081890545 1.009370470082235
0.5093781173694649 1.0253229589585051
0.55965569395682 1.044698624559865
0.60938063880181 1.0659568188022
0.6581018353289501 1.08819589089003
0.706713311922855 1.11113632294457
0.755638094768915 1.134333022287705
0.8014074098719399 1.1555789062270452
0.848512620084765 1.17648390181411
0.8973070433435251 1.19664552381878
0.948065120900125 1.21557291718997
0.99607707427777 1.2312252435598752
1.04594897144484 1.24489194337118
1.09767772234392 1.2560359876043499
1.1511655180461902 1.264086113161455
1.206204564616065 1.26845500083656
1.25679521594241 1.2687603107778052
1.308043698188115 1.26521774309936
1.3595301359785599 1.257476933855335
1.41075140398217 1.24525649828892
1.4611319129441 1.228367161170015
1.510041630477125 1.2067331018768501
1.556821297701735 1.180408901400385
1.6008137141880598 1.14958931310832
1.6413987211298149 1.1146094339192
1.6780284022137 1.07593383925729
1.7102584038698752 1.03413479020697
1.73777145372916 0.989861419535065
1.7603902150469999 0.943803380690205
1.778078338818365 0.89665333168321
1.79206804940083 0.8437860849835349
1.8003809155920951 0.7912053663558251
1.80343813671676 0.73960910271594
1.801747698814145 0.689557658689145
1.795066070482195 0.63678408151324
1.7840606284040148 0.58676630769498
1.767776149869525 0.5350496830110301
1.747515889769085 0.48597774591097753
1.723895195763775 0.43973849987751146
1.697505009495775 0.39640659382798
1.6664267817598 0.352719044515733
1.6333725882008998 0.3122924984654035
1.598892769025635 0.27492193755634
1.56070152683809 0.23779382077125102
1.52187895215666 0.20353249735259
1.482802809471845 0.171734903911716
1.44097337981765 0.139925233552686
1.399411481982535 0.1099413584772535
1.3582420772674548 0.08125076690432201
1.314770506734015 0.05144386506776451
1.27159322166364 0.02171082936292265
1.22825195116444 -0.008943836097204751
1.18644939305645 -0.040004636360149046
1.14503174649713 -0.07307194358961701
1.106572011130805 -0.10676433363822
1.0694293397685801 -0.1431940189800325
1.035222719413505 -0.18156056938846749
1.00400571101119 -0.22245488213771353
0.9761222459244949 -0.2662129609810865
0.95223438823924 -0.3125593012395055
0.932849017463085 -0.36101895890359204
0.92023719140175 -0.4098242479454135
0.916038883524015 -0.45997209736708805
0.9202172927666551 -0.51175381346072
0.93247121614265 -0.56280927987517
0.95182577718222 -0.611801995516915
0.976526206241535 -0.6571113676561
1.005541828284975 -0.69919125145847
1.038955155886735 -0.73944884651611
1.075831218842615 -0.777656845160675
1.1132381748352451 -0.8120898617967199
1.1537686579292301 -0.84614599862945
1.19395314280851 -0.8777355309823299
1.236725569233255 -0.90995318184893
1.278067785005565 -0.9404845335262101
1.321230012176835 -0.97244049494823
1.3617732357771701 -1.003152496679755
1.4032042140093899 -1.0358658284805649
1.44507198188774 -1.070998199353855
1.48266354416595 -1.1050233335716402
1.51966637882096 -1.1416114897002498
1.555523160766975 -1.180992686503955
1.589615552010875 -1.223334309132135
1.621276158143285 -1.26872088973856
1.6498019356931848 -1.3171306589355551
1.6740797913831649 -1.367494365166485
1.69357013140826 -1.41913844586287
1.7081252241566252 -1.472114781516595
1.717488802427915 -1.5264148566643851
1.721296716575385 -1.58198416273378
1.719623856779305 -1.6323743885728
1.712718972861445 -1.6836119976970452
1.70034306410394 -1.734373843680635
1.682641760532735 -1.78332987004142
1.65985035334609 -1.8297837306533498
1.63234045500556 -1.8730853778221601
1.6006059640124 -1.9126632355391149
1.56524004106638 -1.948051502524
1.521939258894605 -1.982436633946855
1.47587634787886 -2.010811526956855
1.428043042659535 -2.033109461980245
1.3793756537824 -2.0494579947837748
1.3253407725006752 -2.0610016963522453
1.27228655865225 -2.0661319403742047
1.22096655527839 -2.065537985272015
1.1710512816285399 -2.05981443064758
1.117789863994015 -2.0480535233430848
1.0667843557633652 -2.031110460283875
1.018448946140445 -2.009589093639195
0.973067369440235 -1.984109792755385
0.9308051982429649 -1.9552865446023049
0.89172481319129 -1.9237099811365301
0.85268922635716 -1.88677436188688
0.817280610599685 -1.847885617415855
0.7852915389259401 -1.807640423227145
0.7564563565628599 -1.766566280181505
0.72842227719953 -1.721663592288665
0.70331136718973 -1.676817442224225
0.6790430677842301 -1.629045912471355
0.65713262610873 -1.582203182888255
0.635698955444185 -1.533378961648035
0.61581764047419 -1.48621061775285
0.595745256666415 -1.437897132233065
0.576312316028375 -1.391739206185765
0.555841269248035 -1.345081600859035
0.53383282682487 -1.2983132458536
0.509663139079375 -1.251767062262365
0.483926736518076 -1.2079259176106398
0.4558842465729495 -1.16650040731875
0.424356766877467 -1.126981254828745
0.388746481389382 -1.09010282607759
0.3501942990857375 -1.058087865204685
0.306570401104728 -1.030334915795015
0.26007913756289647 -1.009377634837495
0.210525008614359 -0.995829680296505
0.1590305091361615 -0.9907645926417951
0.10914146226268599 -0.994522323133085
0.0595415465321885 -1.00712711972258
0.0127742147946328 -1.028049134628765
-0.02920039222724375 -1.05568419349742
-0.06833133092452551 -1.09095015090188
-0.10070403335258 -1.1293035666179851
-0.12923047994529 -1.172665687998885
-0.1529107745442205 -1.218422143095965
-0.1727919142309545 -1.2669174028094798
-0.189273502718835 -1.31748582747812
-0.202221333227373 -1.36678860476021
-0.213418074199275 -1.418702569115065
-0.22263387215097147 -1.46916258612898
-0.2312407466175855 -1.5222156214541251
-0.23906290707026598 -1.5732055200120851
-0.24734719074040798 -1.62646786009751
-0.2557901120665985 -1.676807896391725
-0.26564374685638403 -1.7288493039365498
-0.277492410643253 -1.782378030064915
-0.2903786522961265 -1.831564223659295
-0.3058562328189225 -1.8813847436350648
-0.3243861643477695 -1.9314445590142402
-0.346400025255184 -1.9812654750155498
-0.3722763477179385 -2.03028765183498
-0.40229918504227297 -2.077850195855035
-0.4359415189427045 -2.122385155168785
-0.4729556987169355 -2.1632722412899947
-0.513455567928395 -2.20039104530089
-0.557553056430115 -2.23349860195554
-0.60537116459746 -2.262234781555005
-0.651124316841615 -2.28371527261667
-0.70004303075963 -2.30088699686241
-0.750876363088775 -2.312896230666615
-0.802504771792705 -2.3193306447707753
-0.8541980299097001 -2.32009088477339
-0.905207482629905 -2.31522061496123
-0.954801226687105 -2.30490788407538
-1.008057645753275 -2.287208208501565
-1.05782050137269 -2.263668652691955
-1.10341837194458 -2.23506466248447
-1.144373536164355 -2.2022567137182003
-1.180405229523775 -2.16613500801564
-1.214553692472955 -2.12317069470928
-1.2426029590158 -2.0782974650287853
-1.26487312036198 -2.032408148913105
-1.282067030638645 -1.9853233382645001
-1.29540903430582 -1.932577143454005
-1.303167550673815 -1.8795399503497698
-1.3056998563779951 -1.826840566073265
-1.3034336869891399 -1.774999561869595
-1.29684190402723 -1.7244305562307851
-1.28642125014772 -1.6754462750249999
-1.2712780438059699 -1.6240735552959649
-1.2528216664427299 -1.575025224779435
-1.23167202772162 -1.528380469288505
-1.2063971261191149 -1.480557220288955
-1.17933033456247 -1.435463815274135
-1.15108679196177 -1.39294474655634
-1.1199734603136349 -1.34979970518729
-1.08869843696214 -1.309110239999915
-1.055549289279535 -1.267882664966355
-1.023226339478245 -1.2287236403818
-0.99005891322402 -1.18880822101773
-0.956644316277715 -1.14802319681275
-0.9253677637691651 -1.1084438574175801
-0.894774994920135 -1.067356166689995
-0.865442403330835 -1.02434366190876
-0.83925218098837 -0.981057663879325
-0.81517375623532 -0.93425608735434
-0.795724050251835 -0.8870360856119299
-0.780631869905025 -0.83644827961218
-0.77180562128521 -0.7856229988221151
-0.769769198374995 -0.73516932395643
-0.7752149851234751 -0.68406440226633
-0.788304979135945 -0.63580531149679
-0.8099125354283551 -0.589106701475245
-0.8388053342886399 -0.54758966655817
-0.87445387401367 -0.51163420453804
-0.91619384563562 -0.481793471277833
-0.9624026172485101 -0.45889249425607853
-1.0105609617881002 -0.443258391550429
-1.06100180993596 -0.433907300171284
-1.11116509577929 -0.430438873291744
-1.16444417660402 -0.432090908029464
-1.2166391299907748 -0.438212782360013
-1.2693064185567802 -0.44816443946567447
-1.319377357397965 -0.460491752651501
-1.37108950832837 -0.47549175955493295
-1.4206700096599 -0.4914074261893635
-1.47237437345555 -0.508936417929075
-1.521921752230665 -0.52600805611413
-1.573781189054765 -0.54353873054139
-1.6231107453530051 -0.559357759623585
-1.6746421824134998 -0.574487304674385
-1.7284313591084999 -0.5882755644594
-1.778752043634905 -0.5989345786370299
-1.83079009550855 -0.6073386766542049
-1.88437332049506 -0.6128880547068001
-1.9392377334767599 -0.614979396277895
-1.9950189594316101 -0.613028633563855
-2.044757624706555 -0.607498790575835
-2.099285317009475 -0.596910496134855
-2.15214699181163 -0.581595858674075
-2.2032513055974947 -0.5613803181335151
-2.25240253737159 -0.53603251549342
-2.29930719729394 -0.50525073972017
-2.33879615564991 -0.47300314686063605
-2.3755931341557153 -0.436023597178128
-2.408244124108865 -0.395332174589955
-2.4361603483670153 -0.3515534276064215
-2.45895502424968 -0.3053211387797325
-2.47636681374799 -0.257341415321448
-2.488274184643105 -0.208360246716506
-2.49512428190146 -0.1529927396617085
-2.49528091989742 -0.0983258967871225
-2.48917708041672 -0.045275943344478396
-2.47739629072749 0.0053840955204254
-2.46062374603249 0.053047250721975504
-2.4370312314644353 0.1019680092392655
-2.409210413869065 0.146295011876783
-2.3779414242778 0.186115059526676
-2.33968440738441 0.22549242497974248
-2.2980839637396597 0.260116609971316
-2.2538943590994 0.2899270111300915
-2.207817550783655 0.3149905117511525
-2.16048782887447 0.3354784003457205
-2.1124635411287 0.35164369419184
-2.059842857966985 0.364718697866628
-2.00748310457229 0.3734879621875245
-1.9557992975937601 0.378451808702432
-1.9051122343994649 0.3801266903263075
-1.851598660722395 0.37882792606147897
-1.7997350262582401 0.374911773374786
-1.74963870270397 0.368980114848492
-1.69771654404637 0.3609728140153935
-1.6478797892321548 0.3518898430032485
-1.59671151932003 0.341574920248461
-1.54770670938593 0.33120211543442346
-1.497617824956405 0.320590234119446
-1.4466026157730751 0.310314887197359
-1.394729179063415 0.301018184192065
-1.34469022466147 0.293743634090162
-1.29341386140157 0.2886382175969335
-1.243162945895665 0.286574528922658
-1.19311510460046 0.28808409542782554
-1.141635191034 0.2941549179430105
-1.09222369713073 0.3052491382508705
-1.0444579133260101 0.3221002474478185
-0.998679648516325 0.3456011477572215
-0.9572852247733451 0.375452217287566
-0.921259302132355 0.41160411904922356
-0.891734542205455 0.45368128900483
-0.86950477130597 0.49997928782196255
-0.851984328411025 0.5487119237575999
-0.8389192249173 0.59890275315498
-0.8303169163969899 0.648496964138735
-0.825382400694245 0.698679622344945
-0.8236891775770949 0.750501475248665
-0.8248384736452101 0.80137768748787
-0.82818254831038 0.8516668986365399
-0.833144866423495 0.9014593903122
-0.839684097715325 0.95460100209032
-0.846931653544895 1.0078623865392902
-0.85433325080276 1.06149326125428
-0.8608276429149051 1.111524824607415
-0.866599130332315 1.162725451975955
-0.871158104342695 1.21531189843076
-0.8739544138553651 1.269399089532365
-0.8744569374447201 1.31988357385369
-0.8725111770627301 1.37154553681416
-0.8676060475805499 1.42422138384838
-0.8592261263256 1.477646991379285
-0.846873528981205 1.531448590322285
-0.831983528308975 1.57978998708172
-0.8132287168205601 1.627606125904185
-0.7904004161421601 1.67439187826756
-0.7633805613357849 1.719583324445265
-0.732160543646425 1.762574928739595
-0.696856200332555 1.8027430807686649
-0.657716472169745 1.839475190641035
-0.6151234137900949 1.8722024391553451
-0.56958194790752 1.9004332042933652
-0.521699023996005 1.9237834178567699
-0.47215349891585 1.941999973377585
-0.421659721186752 1.9549740070820452
-0.37092899402913104 1.9627423511316953
-0.32063343082525597 1.965477367630615
-0.265990378110663 1.9629666451031098
-0.213322615226819 1.95512266124553
-0.163170561879454 1.9425564740027799
-0.11591728387348801 1.925920945257945
-0.0675650052903125 1.903702784442915
-0.02314136367634825 1.87818323531645
0.0213088858565732 1.8471194493164649
0.06204111616175449 1.8130544060097598
0.09906026889466299 1.77663192104941
0.1324722317051675 1.73843854126256
0.1648130965533415 1.69566392525814
0.1934469160303805 1.651982252367065
0.2187345060392655 1.6078574191061399
0.242672552295755 1.560263542995955
0.2636831321810895 1.51292817442138
0.282264370155196 1.46609100492064
0.300026025080507 1.4166234844159
0.3161233142985835 1.36796042851564
0.3311017973491985 1.320061505473955
0.3464485496358575 1.269632633382955
0.3618089196944825 1.219509952222485
0.377992914079387 1.16896009219499
0.3950179008423445 1.1197693536032252
0.4140712359639925 1.0703282625880202
0.434621501592502 1.02348564689352
0.45817392598249196 0.97708012676054
0.48448440032544104 0.932846758867335
0.514090501075985 0.89073507411577
0.547423779594185 0.8509527410887999
0.5844222280602149 0.8142086228640301
0.62478532977862 0.78112665218962
0.6678942369231551 0.7522212190587451
0.7126053722062949 0.7279061973811449
0.759698537402525 0.70739364513874
0.80930631514884 0.69043638199346
0.85844185932188 0.67750817033514
0.9102191762735099 0.6672736325879549
0.96191321924038 0.65982010287628
1.013709987457195 0.654470254541755
1.06553337492564 0.65063181888598
1.1193463005379551 0.64763325342956
1.173134876317145 0.645039424821145
1.227609376871015 0.64223299194284
1.2784969799898651 0.638949104767545
1.330479246473945 0.634467128774315
1.383619226866225 0.62824430457652
1.437869811381625 0.61969804202895
1.4880165818878 0.60939615165515
1.53873124486731 0.59619435761896
1.58970127913771 0.57962637991121
1.64051123385097 0.55925319335058
1.68567503253018 0.53734336210376
1.7298381857959 0.511812613351995
1.77248993280396 0.48250896476504446
1.813071049130595 0.4493722016797145
1.850991481191895 0.41245075116061247
1.8856537835099552 0.371914649442779
1.916481551405925 0.32806230158065397
1.94295103802953 0.281318879498273
1.96462312969552 0.23222484639051402
1.981172104105995 0.1814142716976685
1.9924074216724499 0.1295841740023005
1.9982854168951 0.0774577615244175
1.9989091531426548 0.025745672639875948
1.994516583448365 -0.0248902537281434
1.984182993498075 -0.0791840040327355
1.9686954574508502 -0.1307756120594015
1.9487361572858848 -0.179176483917534
1.925017523695045 -0.224064778408321
1.895421237210245 -0.2691873897663415
1.862998167381375 -0.309814562531538
1.8284015743831952 -0.34617619576550396
1.78829347230571 -0.3817190253968865
1.7462909238345 -0.413111832671452
1.7029841914328903 -0.4405319327364815
1.658884336521845 -0.46423127823723903
1.610710140578755 -0.4860600311208535
1.56254669154394 -0.504307120782915
1.514729958687135 -0.519420885303395
1.46389871540662 -0.53270930839142
1.41394433749264 -0.543432691153795
1.36150404004367 -0.552664608222055
1.310192751015845 -0.5601419334642099
1.25991891691941 -0.566413334354215
1.2072135338232601 -0.572347689201
1.15506242829303 -0.57808336147271
1.10279475188828 -0.5842379079864101
1.05258084721946 -0.591066142371015
1.002464010551625 -0.5993226702267
0.950686809656685 -0.60998118609413
0.8991622108655349 -0.623423711244165
0.84903539441161 -0.639964369843915
0.801091957064585 -0.65977615303221
0.7555306736756 -0.683080654130265
0.712700392185515 -0.7099135308797251
0.67143478355189 -0.7414109258911
0.63424764440656 -0.77580953468806
0.6000929943840301 -0.81388174476659
0.569697869118525 -0.8545879640775601
0.542162112953515 -0.8988342185766699
0.5189054192154751 -0.943477856423665
0.4981913359317705 -0.99066868027491
0.480570081672046 -1.0378989471226698
0.46414624750434647 -1.089092821512785
0.4495521824008265 -1.14101807901829
0.4363467297824785 -1.1928561487807199
0.423760604969128 -1.24511463059841
0.4112034239414495 -1.29775807018551
0.399122212378499 -1.346713067565475
0.385958403423987 -1.396492623962355
0.37117763855067853 -1.4471244514635149
0.35422613160581096 -1.49851933188448
0.3364526511529725 -1.54573315458101
0.3159841226832455 -1.5931649498570049
0.2924029803993755 -1.6404797912858449
0.2653234112443855 -1.6872475893764651
0.2344149180461565 -1.73294239246091
0.203116318070358 -1.77264199100028
0.1684091761370935 -1.810468344988515
0.1302788594089545 -1.8458761655503348
0.088816022498062 -1.8782975486076399
0.04422810270767895 -1.907164637629935
-0.003155009423304915 -1.93193686143956
-0.0528831505847685 -1.9521311247718098
-0.104397412130976 -1.96735237416713
-0.157051478182094 -1.9773211995275901
-0.2101417875453065 -1.98189485489477
-0.262943938362247 -1.981078531356425
-0.314751439557825 -1.9750249463306002
-0.364912306039031 -1.96402211052193
-0.41285933760209154 -1.948471041796785
-0.4629800709591775 -1.926449509406305
-0.509336575888355 -1.9001508473718651
-0.55164154825087 -1.870340484651615
-0.58977013410174 -1.8377669468116
-0.626907315337105 -1.7995757713857798
-0.659178748981555 -1.75971175973248
-0.6894498856133751 -1.714680688181345
-0.7151613082220251 -1.6681863670553199
-0.7365498394321299 -1.6208280402599051
-0.753925394395795 -1.5731162841716348
-0.76863747856726 -1.521513468134105
-0.7795537126340599 -1.47040198156637
-0.787178630576605 -1.42008575770646
-0.792279381072465 -1.36702074375422
-0.79473295033605 -1.315256959897715
-0.7950915316499849 -1.264839049230995
-0.79372270714853 -1.2122673808219149
-0.791083758562795 -1.161053357324225
-0.787669650992745 -1.110963424245845
-0.7836714611592399 -1.05839050745784
-0.7797874638593549 -1.0061127415203202
-0.776505719785015 -0.95316373026414
-0.774489328532555 -0.9012268331510951
-0.77425321898433 -0.848301847023205
-0.77634664659414 -0.797121435432825
-0.78138794486876 -0.74527806084429
-0.78981739200996 -0.694289047053555
-0.8020804477885299 -0.64419369429678
-0.818655239787985 -0.59496019487793
-0.839739511909005 -0.5472534701441
-0.8652766708513999 -0.5017569782553151
-0.895309405709695 -0.46133926210656606
-0.931622048181115 -0.4266476598128145
-0.9744369289604149 -0.3974369361083475
-1.0218322551645 -0.374911970740453
-1.07204221385961 -0.359224877369849
-1.12270605386519 -0.3500147715937645
-1.1735263821738 -0.3461872295035805
-1.22579948171714 -0.3469261996949455
-1.278656537690365 -0.3516628509499895
-1.328887764392415 -0.3591933143833525
-1.3807686250705848 -0.3694040748831585
-1.43050373327923 -0.38090404347781953
-1.48234006612766 -0.3940401947240535
-1.5319640800225 -0.4071337861179135
-1.5838319016544848 -0.4207706954282105
-1.633092233484065 -0.43316263544700495
-1.68446631917494 -0.4450135041305665
-1.737999806067215 -0.4557131331449525
-1.7880022423906152 -0.46378824573081195
-1.8396394757846999 -0.469821464183995
-1.8927450537654849 -0.47323491336593604
-1.9470658481670349 -0.4734415689878085
-2.00225368625839 -0.4698671375426845
-2.057859643544975 -0.4619743091423465
-2.11240802716309 -0.449542836435936
-2.1649563664283553 -0.4325816405771345
-2.2154575380910297 -0.4109448697669045
-2.26374860600935 -0.384439968803241
-2.309563034020945 -0.3528196313569765
-2.3479100212014403 -0.32015828273611946
-2.3836652675978653 -0.2828951308561145
-2.415692221753175 -0.24160543636799253
-2.442996252847835 -0.19726923326965
-2.46517691284245 -0.1505020308020735
-2.481954319422865 -0.1019978654072915
-2.49318582377246 -0.052498453682539505
-2.498873326141375 -0.002758245655327265
-2.49882860247046 0.052578296977303
-2.49234892873215 0.1063396923387145
-2.4799977442512 0.157704933881542
-2.46245723226972 0.2060170989407965
-2.437795048455465 0.255537392765216
-2.40870962277051 0.3002869800892155
-2.37621729130108 0.34009703744526154
-2.340608184635185 0.375571293545941
-2.298183160117315 0.409892577784648
-2.2531060307175848 0.43921022716709546
-2.20610893098759 0.4635754565599175
-2.15785562704605 0.4831523129194645
-2.108931132905325 0.498193722408553
-2.059837675782375 0.50901912000202
-2.0065800353138803 0.516451364492715
-1.9540594912299252 0.51981716980839
-1.90261419021513 0.519651596333905
-1.852491554059355 0.516492255709895
-1.799877824539685 0.510300440433865
-1.749136485321645 0.501848259960675
-1.6966377072865602 0.4908942606743735
-1.64634108387119 0.47866787330548555
-1.594797414490525 0.4648157172798695
-1.54552125731372 0.45077726752571345
-1.4952348070238999 0.4361590578975195
-1.44703551880463 0.42238273387958347
-1.39780079028306 0.409093421006939
-1.347522583310785 0.3969244057230475
-1.29607166816507 0.3865706455878505
-1.245759899703845 0.379125659248646
-1.195903364459225 0.374982797770136
-1.14538115868055 0.374735523283777
-1.094446280436655 0.37928977345451853
-1.04524316303824 0.389195746489314
-0.996186594668915 0.40572264874286795
-0.950481395698135 0.42883525710530856
-0.90875925630901 0.45894243097427745
-0.872473685427015 0.495854539760899
-0.84408546893995 0.5370251264721551
-0.82277314565892 0.583483563650295
-0.8097066869503899 0.63289981530049
-0.8048453107395399 0.682810752916635
-0.8076974736235251 0.73537426670046
-0.8171928537963049 0.784578267134045
-0.8329852745125199 0.83389512049439
-0.853660263701415 0.880907696207675
-0.878912938448925 0.926797318037935
-0.90792629248986 0.9713307496975551
-0.938173163845755 1.012294849081655
-0.9715548514632599 1.0535124842996
-1.0050539993706151 1.092262482844945
-1.040963065381715 1.13214684542182
-1.07576967986484 1.17011746249381
-1.112071308552875 1.209856879647315
-1.1460134533451352 1.247883626564535
-1.1804168102584751 1.2880633778242099
-1.2147526229970649 1.330718521482855
-1.24507308669769 1.37146528841403
-1.2742891807087848 1.41462389229148
-1.301806421380915 1.4603091951684
-1.3269833219962401 1.5085617737634949
-1.349147220375145 1.5593304207394652
-1.36760817243587 1.6124386193425297
-1.3814739701461 1.6665410938039797
-1.390388931936055 1.7209862670052503
-1.39419198539685 1.77579117025214
-1.39262748599122 1.8308938761805902
-1.385342019521715 1.886167296446525
-1.373683495051635 1.935295462217855
-1.35669891603754 1.9842230917601948
-1.334468809751705 2.03149687923128
-1.307379381012065 2.075930855382505
-1.2758042818500201 2.1168906608916
-1.24024098492321 2.1538156825374797
-1.201290225800875 2.186247586073975
-1.15426473200832 2.21695192322363
-1.104830145540885 2.241281905160945
-1.054012652826605 2.2591905674010997
-1.002785615661185 2.27083627295026
-0.95202383371689 2.276551129338225
-0.897069431574805 2.2765140609401753
-0.8444195131002401 2.270495738004195
-0.794594439773105 2.259308449465005
-0.74703471083395 2.243403057592535
-0.6974488532808001 2.22094546609308
-0.6511206896115149 2.1939292509839197
-0.60832144639909 2.16302674423086
-0.56919330729042 2.128898206049235
-0.5337662029770349 2.09217265111658
-0.5019758272887149 2.05343488414527
-0.47127598442196444 2.00950515856161
-0.44447237850521404 1.96442957111566
-0.4212401790777685 1.9187435593702449
-0.4012131595194755 1.8729038465637948
-0.382681639464563 1.8235115264627801
-0.366947609792359 1.774777505166115
-0.352559696603442 1.72337689507963
-0.3402437110268135 1.6733659768103748
-0.3287256444363415 1.6215314904311602
-0.318354496485024 1.571629142985945
-0.307965792543742 1.520581788530625
-0.2970980246944795 1.468790163722415
-0.285871706434701 1.41943029313364
-0.2730817995846385 1.36966233039476
-0.25804634191082554 1.3196815161578501
-0.2408742688583075 1.272006864592105
-0.219716391382901 1.22381561710363
-0.1954523283471305 1.17907101339611
-0.166024260804792 1.135680396554155
-0.1320623772162075 1.09638041806578
-0.094051548828707 1.0625838847740199
-0.0521283136552835 1.0349635191225
-0.0062750546761105004 1.01415096833431
0.043539533999735855 1.00102853536853
0.09375260763819901 0.996830332778025
0.1437152796644615 1.001279282658095
0.1924945463861335 1.01406426358179
0.2392535085060025 1.034726470693165
0.281828379950539 1.061595416755245
0.32081475141668003 1.09406897598071
0.35708120417411704 1.132386752263065
0.389145093613769 1.174194528630055
0.417376129868907 1.218485333744555
0.44281228695625197 1.2654869172621699
0.4646900647876655 1.31194329399659
0.48545389545102047 1.3613343835758251
0.5041071377823599 1.4096523420037301
0.52276976982844 1.4606360303335901
0.54037714171214 1.509685869751075
0.55900177015455 1.56084594963261
0.5773221417128049 1.609014808641815
0.597485122237175 1.65851140338166
0.62003051599907 1.7089864660816652
0.64281655839762 1.7548706960287048
0.668376974625445 1.8007545474488151
0.697078153172815 1.8461401000927151
0.72923528702049 1.890454798949125
0.76508930812065 1.9330584532003598
0.80009597220368 1.968847993670265
0.84208798185895 2.0053915474643853
0.886707544289445 2.037693850568305
0.9340380280028849 2.065593448162515
0.984139689595815 2.088810776011025
1.037063856316715 2.106947762080955
1.08652717616164 2.118373834379505
1.138165660273935 2.12484872576903
1.190359839638155 2.125815275249135
1.242125407038325 2.121154874247185
1.292725692957045 2.11093755450318
1.341440059348785 2.09537700387986
1.38759848954031 2.07482321754995
1.435743484430615 2.046319741583585
1.479238649705315 2.012900249339335
1.51760860453792 1.97546657914848
1.550584374291145 1.934957097631835
1.578093112232445 1.89229301862147
1.60237175371697 1.84340498953159
1.62036089357278 1.7939628429855101
1.632582452629205 1.74465875483053
1.6396615358663449 1.6951295643235849
1.6418450704698953 1.640875614325005
1.6385545582350152 1.587490386433185
1.630269625599275 1.535505671108665
1.61751457708007 1.48533405865169
1.60083445823267 1.43727572429917
1.57880364936095 1.3874890429618199
1.55344412598714 1.3405878469609551
1.525414064288485 1.29660149736877
1.49532692356225 1.255471989268155
1.46106112749627 1.213990358875575
1.425678359472895 1.1754823202388551
1.389736580284925 1.139669371864135
1.350949066934555 1.103762171781595
1.312554831511645 1.070223303941615
1.27229542367736 1.0364654096727801
1.23329734226851 1.0045025102210299
1.193382363211 0.9718998391024799
1.1531062524059599 0.938425660981735
1.115177159360165 0.90565212458254
1.077659055501015 0.8711984384930551
1.041030444189465 0.834533084155735
1.0074267131256651 0.7968997317370501
0.976760903962815 0.75740002492881
0.94882495796672 0.714405603975985
0.925820801286705 0.6698697661934749
0.90763752871443 0.6217364454233201
0.896185300624855 0.572719043795495
0.89193272685166 0.521773041534255
0.8959664424303699 0.47021518057280104
0.908674277309515 0.42038365468379
0.92934349330262 0.3740189358010275
0.95504337720763 0.33004364424878896
0.984294309627405 0.28893970520406703
1.017603033549875 0.249625299537339
1.05294241916571 0.213863624217405
1.091439548059485 0.179821324493915
1.1308663470722051 0.1487841331490205
1.1743712156164 0.11775562587920449
1.21909083685222 0.0883103081810305
1.264317985441105 0.060157137880345005
1.310356252267985 0.03239582940434415
1.35673608534345 0.00463364060621101
1.39973832706061 -0.0215052128814517
1.443208897424175 -0.0488676371752419
1.487026143835835 -0.077973526417574
1.53095091061713 -0.10932591688724899
1.57067928058141 -0.14018549445287148
1.609852230492585 -0.1736426977655735
1.6480345700352501 -0.21000064614744499
1.68470948065966 -0.249506055475409
1.719284299241285 -0.2923268676887655
1.748064350672165 -0.3337564099027685
1.7741013967327302 -0.3778855252275615
1.7968713315967701 -0.42457768817551
1.815857119030375 -0.473590126743038
1.83057340350551 -0.5245688938184949
1.8405939537693499 -0.577050643824945
1.845579892348665 -0.63047263033789
1.8453058885732152 -0.68419170630426
1.83968101672179 -0.73751194437824
1.82876106366537 -0.78971904564299
1.812749880106045 -0.84011828545067
1.7919888659777299 -0.8880717721810351
1.766935560966155 -0.9330306327622001
1.738134081575175 -0.974558522320265
1.702463236698075 -1.01630265252554
1.66374596658945 -1.053186957412815
1.622804115160065 -1.08514790310441
1.58039834972005 -1.11227544610465
1.53286177663346 -1.136787456190805
1.485121041094105 -1.15610742171364
1.43309188251796 -1.171930678867745
1.380995771973955 -1.182924107125695
1.3293310980349 -1.1894925004590848
1.27850207085012 -1.19208184431652
1.224727444510995 -1.1909389352049948
1.17254519727252 -1.18627012907773
1.1221027952962799 -1.17865071133802
1.0697849081402349 -1.16776337779041
1.01951112785709 -1.15469383136858
0.9711641736911749 -1.139988105478865
0.921291950090765 -1.12295459064724
0.8731228801939 -1.10508271277842
0.8262910608553851 -1.086780917819505
0.7773051276324849 -1.067151965938325
0.7286281914103651 -1.047702796688125
0.679229402587985 -1.028618150723015
0.6305991872962801 -1.011058861466715
0.580472184223545 -0.9948221902766401
0.53083150553987 -0.98114643175317
0.47974862739884994 -0.970075470918905
0.4278634500921855 -0.9624096499350051
0.37604684341246547 -0.9587653532468601
0.3239234281874665 -0.959519843774145
0.27200191974250754 -0.96503436257422
0.2209285132339815 -0.9754420050601951
0.171486038249061 -0.990560048344045
0.12472212458742149 -1.009731717406925
0.079580141047352 -1.03300640144935
0.03547168305321095 -1.0604981709069101
-0.00548622651812595 -1.090358638964775
-0.045894302729306 -1.1239079242066101
-0.083993678524993 -1.159098999411685
-0.120440045023401 -1.19565876981565
-0.1556547510712675 -1.233171972614895
-0.191773107124495 -1.2731879307586351
-0.22747036711999852 -1.313448754216695
-0.2636609193376995 -1.35410538287702
-0.2979109129401685 -1.3916869394191551
-0.3337142010377 -1.42940239894584
-0.3715385694626205 -1.4669763698875
-0.4118141714405595 -1.50402231084327
-0.45087944375063393 -1.53682584083362
-0.4925296319389865 -1.56833029058254
-0.536943553938705 -1.59801034286403
-0.584217508368675 -1.6252759052787902
-0.629205423616265 -1.6472210669080698
-0.6764134259287851 -1.66620112489911
-0.7256565317397701 -1.681721577914005
-0.7766487566708651 -1.69330386253312
-0.8290000451132549 -1.70050917418737
-0.88221962041943 -1.70296463570991
-0.93572712829944 -1.700389870747935
-0.9888722712349001 -1.6926213223802802
-1.040962555881495 -1.6796312003185752
-1.091297414031255 -1.66153798741376
-1.13920558712923 -1.6386061654795199
-1.18408167505265 -1.61123422811208
-1.225417512823695 -1.579931879502285
-1.262824731354865 -1.54528910927045
-1.2994725962583948 -1.50365243554432
-1.3307937853998548 -1.45955958007168
-1.35680939514078 -1.4138576215104801
-1.37769461323482 -1.367317534039385
-1.3950953930192 -1.315950881001045
-1.4071464242179401 -1.26510938808697
-1.41442538896372 -1.21525226402872
-1.417599573412195 -1.16161365705729
-1.41629013830921 -1.109045722602195
-1.411002293308945 -1.057911839581785
-1.4022526593155749 -1.0084655871937
-1.3894558331276952 -0.95698153449956
-1.37380548822938 -0.9077457998681149
-1.35586774767443 -0.8607492606771701
-1.334575247214895 -0.8125423694981799
-1.311777442646145 -0.76664923858281
-1.2862183514355752 -0.719768071782285
-1.25995603973538 -0.6749048629395651
-1.23337069615186 -0.63164974124027
-1.204975202960495 -0.58675712966298
-1.17675784249005 -0.5424924476889
-1.1487963574257 -0.497975743906118
-1.122679230624005 -0.45479492459095
-1.09784742178934 -0.41113708880874855
-1.073383731617095 -0.3639986624602785
-1.0525423252641801 -0.31848161615839954
-1.034142432328615 -0.271130424152965
-1.019023438438205 -0.22250578974337348
-1.00752306189674 -0.1716131164735905
-1.000638290189545 -0.121105274084583
-0.9983768774842201 -0.069218296798096
-1.000913530194465 -0.018980103364228902
-1.008089225940445 0.0308848954898018
-1.02022845809476 0.08174203974466951
-1.03611485047509 0.1296296804590435
-1.055458213638385 0.17575628779713298
-1.07840664182572 0.2214434336371475
-1.10520716540807 0.267631868292906
-1.13410830589449 0.3121550923501935
-1.1647045410901051 0.35557066579366753
-1.19635938690388 0.398048996642882
-1.229153401970435 0.44067532570927553
-1.26226217418194 0.4833176915125195
-1.292832229733065 0.523155541411505
-1.323424090075585 0.564246612976695
-1.353747997190105 0.607038393079745
-1.383410856932625 0.65191967227028
-1.40938925095692 0.694813035339965
-1.4339708239188351 0.739903729182115
-1.45664810241634 0.7873257854057
-1.47685666063557 0.837133453888655
-1.493987857635335 0.889282554177095
-1.506251004426065 0.9380881794752851
-1.515045230541525 0.9884523747404801
-1.51992706007163 1.04007185316433
-1.52049466959233 1.092546794438925
-1.516412412175405 1.14538421300829
-1.507435854189435 1.19800844528073
-1.493434957509685 1.24977953609925
-1.4744125386877551 1.3000193919541299
-1.45051503780417 1.348044343110415
-1.42203313386812 1.39320142567947
-1.38939092128273 1.43490459838188
-1.353124060721845 1.4726666278847
-1.3138491511918151 1.506122772417395
-1.27222803064896 1.53504365843567
-1.224045699615655 1.5617504661251949
-1.174676974606305 1.58280277498334
-1.1249239076491049 1.59842069746067
-1.07547856185637 1.608950471641375
-1.02211785412501 1.6151739418744349
-0.9703934631463049 1.616405966804015
-0.92045536688216 1.613282484656505
-0.86756753554263 1.6054524876965601
-0.8166328693910501 1.593546646973915
-0.76788792112473 1.578128349839525
-0.71770041527645 1.55809825990823
-0.67027948071539 1.535248717630705
-0.6255694223095201 1.51018067676158
-0.58029606801318 1.4813147694248952
-0.537765793263 1.4510709288542452
-0.49767859475669096 1.4199308086609599
-0.45705379907813654 1.386013732630405
-0.41839295144232197 1.35188582593268
-0.381212326970857 1.317811089094705
-0.3425901260997655 1.28170034957096
-0.30431232348019 1.2458772051826599
-0.2654065102505465 1.21018105593125
-0.22695813749319602 1.17632231538247
-0.18683207733770352 1.1431468424909401
-0.145353983842824 1.111725724283675
-0.101730469751413 1.08225111862705
-0.057708116929229 1.0564669498340948
-0.0123135162546965 1.034142526469635
0.03468840409666315 1.01556989559308
0.0828788390018535 1.001224595493055
0.13382172701015851 0.991069569301135
0.1849412525679915 0.986509107018245
0.23492892282098402 0.9902906410450949
0.2848108882581915 1.00258420173957
0.3328152290453465 1.0228759085396
0.37678355764564897 1.04947172622449
0.417973093010741 1.082284826932025
0.4548856407702555 1.1192032988306901
0.48759641371828605 1.158800150759445
0.51785167190225 1.201989726864215
0.5439716679179549 1.24484828645489
0.56884036620508 1.29061010739741
0.591161082735215 1.335558862044585
0.6133359819758251 1.383165969057205
0.63397232171708 1.429131261868715
0.65537773350379 1.47724167501654
0.67808530195784 1.5273333615037301
0.700363734256415 1.574357314849
0.724708526121125 1.6224793116262202
0.748812355696985 1.666385668222755
0.77538529136921 1.71046119311895
0.804786147173535 1.75424451614396
0.837335183092615 1.7971991034732
0.8732921514653549 1.838719046588595
0.9128337819890551 1.8781383702987249
0.95084682917306 1.91067619204699
0.9958220227505601 1.9432465765451148
1.04312023689125 1.9713728180441
1.0928060818729102 1.9948664913973602
1.14491484062059 2.01342419719372
1.199466942747005 2.0266227360866553
1.25002947540822 2.0333990811414
1.30218770867349 2.0349663308611197
1.35420121066425 2.03096674876486
1.40522662838247 2.021400567644685
1.45453700998104 2.00642053022804
1.501438882256625 1.9863202912264348
1.545305705433245 1.961522558913655
1.5903716695080399 1.92867415503731
1.6303506489840651 1.89142732316123
1.6648722512943048 1.850724405657175
1.6937732932597052 1.8075190117835898
1.71708086463993 1.76272489033578
1.73665126487441 1.71210172782536
1.7499882510821148 1.6615357038416998
1.7576906358681448 1.61151508380818
1.76030160995121 1.556689040810485
1.7571636351982551 1.5026700789423049
1.74874798638218 1.45004902150041
1.7355829958618352 1.399291523073035
1.7182267839781449 1.35074268114848
1.69724512242635 1.3046365129485848
1.67087449710431 1.25728128741408
1.6415432165835948 1.2130530364837149
1.6098994458078248 1.171912716743965
1.5765387948753902 1.13374168264688
1.539083033467235 1.095530953169955
1.500846231434045 1.06030719920177
1.462347412747985 1.027745431876
1.4210919074802502 0.995260476105335
1.3804770199743899 0.965028391969135
1.338058462532255 0.9346580676124849
1.2970761599019751 0.9059036464034049
1.255183587417775 0.876514461170585
1.21290866878212 0.846213005462735
1.1707667990250399 0.81461090321532
1.131355016477345 0.782966065382205
1.0926871977250499 0.7489304860974
1.056942295895555 0.713562954120965
1.0239471802836602 0.675894789899215
0.993305317082735 0.6340392107467651
0.967771065528335 0.590281273991945
0.9476085113956151 0.543864010236165
0.9336745417515051 0.4944166101177395
0.927356996366125 0.443852192979203
0.929295168327525 0.39287329026144147
0.940001218498875 0.3425973410120865
0.95931327862711 0.29508247691099154
0.9858740817412951 0.2525869393811395
1.019909336729075 0.2141469266331005
1.06017494294522 0.1810615952162445
1.104141375199345 0.154484979155955
1.1523148726665051 0.13326053247547348
1.2021287768392501 0.11773200281485949
1.2523714507434849 0.10716571498213649
1.304669500651055 0.100442807309802
1.354748674631325 0.09723128620295099
1.4068140121354251 0.096479754075603
1.4569739890733548 0.09760903371927951
1.509418230861945 0.100105893383083
1.5596936429907449 0.10320473515474751
1.6122249580732402 0.10662329911919399
1.6671153433303751 0.1098141637474025
1.719091697027395 0.11196226915270999
1.7730015615097598 0.11279592027857499
1.823069560214165 0.11188573993536699
1.8744369746901501 0.1088724005950085
1.92686281889622 0.103223799294699
1.980021686322885 0.0944068532885325
2.03349864666414 0.081909607518963
2.086786993098495 0.0652654819683185
2.13328338705752 0.0467700555409831
2.1830531913928803 0.0221284783350233
2.22996918315824 -0.0066350600198043
2.2738955503425897 -0.039665189438124
2.314580971704645 -0.0771339561744845
2.35166119998184 -0.11925579224912
2.38120100854625 -0.160833629833491
2.4068804265684998 -0.20625370154155148
2.42757064182771 -0.2541441270242665
2.44287555923226 -0.3037541517645205
2.452591202488505 -0.354369632186456
2.456653825744725 -0.4052402445909175
2.455145059885775 -0.45561459886388744
2.44706934746715 -0.5108021276631549
2.4327296374919998 -0.56353783352962
2.41278694011196 -0.6130543154158
2.388009007846125 -0.658762240013255
2.359217183327745 -0.700259260642855
2.3235227080739 -0.741163019274935
2.284973113215965 -0.776521365408175
2.24428600186231 -0.806632422940685
2.196976246212425 -0.8344718501002101
2.147702904651515 -0.856845797934295
2.097208676518115 -0.8738959944394351
2.0461520570666947 -0.885873055621025
1.9950986915656699 -0.89311018889689
1.94451943522481 -0.8959991698455599
1.8903258110267749 -0.8946970882946801
1.8375220826859 -0.889316408496265
1.7863756642543698 -0.8804491328407951
1.73705897602035 -0.86867783633886
1.68580175941593 -0.85329713687611
1.63682590420295 -0.8358326067641251
1.590085372330245 -0.8168951976823949
1.542130923253365 -0.7954788802193
1.49646988758011 -0.77357943566559
1.449848297724605 -0.750144963271705
1.405326510385305 -0.72722859107084
1.359820415017495 -0.703799436673545
1.31333004093692 -0.680454070265355
1.2657514265996501 -0.657829541686995
1.21940623083173 -0.637640919255275
1.17129230661053 -0.619221118589825
1.123361027549195 -0.6040074260063
1.074676030895135 -0.59229654479767
1.02338881153932 -0.584613180559625
0.97278509378721 -0.58233056907386
0.9222978712944601 -0.586038307972035
0.87200621387609 -0.5966748863877049
0.82426794427164 -0.61458071250738
0.78001831501515 -0.6399850570680801
0.74047164138696 -0.6728226558579651
0.7073724429804049 -0.71199181066318
0.68208754502105 -0.7552388971025901
0.66386642877223 -0.803204892446095
0.65327012973845 -0.85422694495849
0.65015845874144 -0.905495734313775
0.6537399910320499 -0.957995364895775
0.663124895917955 -1.009293714865585
0.6771048910665199 -1.058675832518675
0.69544992936129 -1.108105656516175
0.715874336696675 -1.153933650474905
0.73940104786509 -1.200373071755235
0.7637093147590399 -1.2442489593638
0.7902919368419601 -1.28950886045867
0.816402005498565 -1.3325673002419198
0.8438465071644851 -1.37747206510229
0.872189569038305 -1.42456900845987
0.89825849976397 -1.469570482679335
0.92406691605199 -1.516893394607
0.9465488973903551 -1.561626561142865
0.96777751970242 -1.6084875094068
0.987170025198205 -1.6575108274939752
1.00410341351077 -1.7086569409941148
1.017931613312675 -1.761797306694325
1.028005877954725 -1.816701128497865
1.033283959560485 -1.866464916474985
1.0346483994752451 -1.92198994799065
1.031037829790145 -1.97690501479177
1.0222616716876651 -2.03115790148733
1.008051396109505 -2.084606765407415
0.988048609320345 -2.1370294544831347
0.9650197942626451 -2.182524685396455
0.9367921779499999 -2.2264005687599
0.9040517844862601 -2.267018561387485
0.8672807004949901 -2.30367334327586
0.827015358245835 -2.33585143214484
0.78388964876644 -2.363146452603075
0.738606286105865 -2.385280089861665
0.686002330669135 -2.403844310593025
0.632648337299865 -2.41572181523841
0.57953173959387 -2.42113944098761
0.52753227901599 -2.42050163138035
0.47738926348907096 -2.41434758085314
0.424555426264544 -2.40180504459286
0.3753003064510395 -2.384149684936685
0.329701309378556 -2.3621592313164
0.283032299211279 -2.3332492393859
0.2402871146000965 -2.300054831707155
0.20168654957923052 -2.2632995133691702
0.1673157277087755 -2.22368302473496
0.1371433487363125 -2.18186141148166
0.1110420540515185 -2.138434094916905
0.0869700669952405 -2.089855241316905
0.06715746790841401 -2.04060715672163
0.0512047540250705 -1.99120239536371
0.03867648194167435 -1.942064994529515
0.028442915126047852 -1.88952908615665
0.021118135641209148 -1.8380424342101
0.0161397116577216 -1.78784882564061
0.0127937672602751 -1.7354265279924248
0.010944857012640249 -1.684809622234215
0.01001074563527885 -1.632627847202675
0.0095968184301049 -1.5825462306499
0.00918144476073285 -1.53135460905069
0.008236456750362251 -1.47933068506601
0.0061494731382457 -1.426678918301045
0.0024811589360426147 -1.37625293532622
-0.003573346841456295 -1.3250845437820549
-0.0123792360587635 -1.275570635627795
-0.024633382357984297 -1.227021522756
-0.041655540368203146 -1.17804950434197
-0.0631395720566935 -1.1321848441498201
-0.0898837349448765 -1.08918385183061
-0.1226846267313805 -1.049564334018445
-0.1607395752209805 -1.01558944369804
-0.203800265316011 -0.9882033377950551
-0.2512512298665665 -0.9684394376384949
-0.301257570424256 -0.956707971824355
-0.35263315638883447 -0.9501001754535899
-0.404481134166417 -0.9481587975335151
-0.4547914318075435 -0.950449510861725
-0.50486056939974 -0.95644709338629
-0.5558380833015251 -0.96596262998186
-0.605284351045885 -0.9780499791234449
-0.653688387357525 -0.99215392214248
-0.701261937297065 -1.007730636858165
-0.75175681193393 -1.02556295618012
-0.80220853896612 -1.044106901072185
-0.8529925605530749 -1.062879341499095
-0.9004594568527301 -1.07998925847
-0.9492256893507299 -1.09664267661663
-0.99960782033745 -1.112407663306995
-1.051836018210675 -1.12677124644137
-1.10103921407261 -1.138117142621685
-1.15191926366824 -1.147322404645555
-1.204425858877345 -1.15385250095648
-1.258411364598985 -1.1571471269617801
-1.313617216147275 -1.15663964226924
-1.3640340683731051 -1.152478627310865
-1.414767078685355 -1.14442795859572
-1.465367315695805 -1.1321755612256201
-1.51530899369381 -1.1154853505142301
-1.564002236739325 -1.094219321970225
-1.6108128904405248 -1.06835723227575
-1.6550891152907699 -1.038011273184075
-1.6961933972801098 -1.00343307011868
-1.7335374051124148 -0.965010798265175
-1.7666161030978198 -0.923255287697755
-1.79503704734447 -0.8787755812720199
-1.8185411249380148 -0.832246184808015
-1.83701218714257 -0.78436972886225
-1.8504748219965752 -0.735839496780685
-1.85974833573156 -0.681939297485335
-1.863391041312725 -0.62882466166986
-1.861883957626485 -0.57715400147326
-1.8557825275331052 -0.52744103173064
-1.844467414791805 -0.475456711173457
-1.8290869868467599 -0.4265996517703585
-1.8082977943497098 -0.3765199292709115
-1.78378070128154 -0.3294261229926985
-1.7561653779916298 -0.285451363783985
-1.7260472000027751 -0.24461797360665
-1.6912266558121298 -0.20384525687642951
-1.65472514597848 -0.166496443680303
-1.617072945946805 -0.13231873808198752
-1.575744330166265 -0.0987117198854025
-1.5340398088971852 -0.06801733289124749
-1.492300232932095 -0.03980066394763425
-1.4478165807261552 -0.0118168114845821
-1.403760891116625 0.01437072913869825
-1.360210756421395 0.0393034239391868
-1.314268976890795 0.065142560628562
-1.26862789820283 0.090932143933354
-1.2227440535621201 0.11762225294627351
-1.17836182723235 0.144848200419576
-1.134179401575825 0.17410790464415798
-1.092875069105265 0.20425969548420347
-1.052641738196175 0.2372524022252665
-1.01514542601476 0.27244978781263096
-0.9804145687743301 0.31042104047216246
-0.94875478935596 0.35153617297311646
-0.92084787720144 0.3955805032380855
-0.8972398129670349 0.442126013835777
-0.87830053561261 0.490458054537201
-0.864188599485155 0.539371697361
-0.854303258476515 0.589801209557875
-0.848434355290005 0.641914015694325
-0.84639869395847 0.69268557312687
-0.847561477756825 0.745461732002655
-0.851421113905565 0.79756153098677
-0.85735626482498 0.84931192396197
-0.8647718727186049 0.90076548218378
-0.87343013911709 0.9539585507328899
-0.882476412243915 1.007045910018825
-0.891460470816325 1.060852026313675
-0.8992040058566599 1.11125960219737
-0.9060106822502301 1.16299530341266
-0.9113637024009449 1.21623701428736
-0.91468367679176 1.2710636095456749
-0.91540393981037 1.322259421310685
-0.913411574221675 1.374633180245955
-0.9081839184885849 1.42797948322535
-0.899202895672035 1.48198648798533
-0.887505852408205 1.5308078802054
-0.87205552062444 1.5794288080855599
-0.8525939667771301 1.627382741564055
-0.8289425740033449 1.674136134564085
-0.80102230761306 1.7191020541472848
-0.768871400312505 1.7616603183593351
-0.73265803446512 1.80118384397327
-0.69268552907199 1.837069892126495
-0.649387950866005 1.868773770506775
-0.6033150599736 1.89584156762507
-0.5551070019095 1.917937989818785
-0.505460884662355 1.934865627898835
-0.45509288113975305 1.9465730837010748
-0.404700313751256 1.95315113288701
-0.34946156050501853 1.9547132644715401
-0.29575620626192 1.9506635026826848
-0.2442073636403685 1.9415633798627698
-0.195281798360681 1.928039600202015
-0.14486543848557548 1.908828274236485
-0.09823143394900449 1.88589301015061
-0.055292413472344 1.8599189832608851
-0.0119667506342456 1.8283869894506601
0.02771388806311345 1.7941146929679401
0.0637960871189695 1.7577164309975
0.0964162625033935 1.719745210630995
0.128086566419279 1.6773943753016098
0.1562583455737435 1.634285161586255
0.1812972514207885 1.5908417598253801
0.20520336514345047 1.54406298068923
0.22641779195946402 1.4975894563695449
0.246712211077468 1.4483681160934752
0.26505227431433653 1.399872003029755
0.2819934135836985 1.352129407583085
0.2991307025787015 1.301939372958745
0.315957055818727 1.252246649270295
0.33322043009534047 1.202527871899545
0.350703445384424 1.15495512849154
0.3695679237600885 1.107773089468195
0.3911257467541295 1.059517398075185
0.41534885527818155 1.0121088612056701
0.44228783280086503 0.966747247640615
0.4719512753025505 0.9242178657653749
0.504517957743175 0.88475697747658
0.53994553348951 0.848718064301665
0.57959446855593 0.815208895140195
0.6212016259431701 0.7863051950433151
0.665747570713705 0.7611525479311
0.7120620755637901 0.740237294695135
0.761228472350375 0.722875433973595
0.809836120568705 0.709786131590315
0.8603881141726599 0.6997262004670499
0.910315930778245 0.692693333561615
0.9638604915186549 0.6876821705368
1.017728087473445 0.6846138136958501
1.07120304364423 0.68288114173556
1.12494519611093 0.681841569066795
1.179060337150015 0.68091053068984
1.229472544614765 0.679648050444045
1.28092402389046 0.67750348884926
1.333556326308425 0.67396077295796
1.38740101331318 0.668459681534435
1.4373385714520501 0.66125424176361
1.4880681697828249 0.6514613309831699
1.539352113671765 0.638601074169575
1.59085290210214 0.622204226100205
1.64212749055549 0.60183505787602
1.68762896789142 0.5797950052906551
1.7320319268176898 0.5540220303372501
1.7748066992184899 0.524384979297805
1.81537896397368 0.4908507538636445
1.853149439042855 0.45350039492800703
1.887519291465305 0.41254044939059753
1.91792011132233 0.36830729234707904
1.9438462485009549 0.321262392212009
1.9648863457959351 0.271977353543022
1.9807503225065202 0.2211089318993075
1.991288162924405 0.1693658693996685
1.996497788318775 0.1174709467743835
1.99652091849492 0.0661226229258725
1.9916277664247652 0.01596070301945015
1.9808835142090502 -0.03771238097660765
1.9651555672691798 -0.0886273709374365
1.94512978668706 -0.136339806377174
1.9215102709956302 -0.180567449842351
1.89219371270072 -0.22503385355879751
1.8601999630642698 -0.26510894419756853
1.8227288416953003 -0.304345172713822
1.7828498749921948 -0.3394440821712795
1.7411992588347551 -0.370508057868138
1.698341982738065 -0.39773019335604654
1.65111337973451 -0.42318890574608653
1.603549365682365 -0.4448366366038045
1.556054940341995 -0.463100770980745
1.50533407889027 -0.47949259382943044
1.4553149435964499 -0.493021208738043
1.4061596295515302 -0.5042161637352199
1.354529606951375 -0.5141892482985
1.303951802330485 -0.5226316656915799
1.254304325272935 -0.530076923025085
1.202105467311525 -0.53748797796813
1.1502175327833402 -0.544949042460525
1.09780021713291 -0.55314519691789
1.0466364157834 -0.562362669605575
0.994894469216335 -0.573533649103875
0.945378005430395 -0.58660092175447
0.895846073916655 -0.602691579692235
0.8479026319369749 -0.62189684200509
0.801640055625025 -0.64465842561221
0.757140835049235 -0.671447628224815
0.7150996933897 -0.702314071150055
0.676173050858335 -0.737055576410615
0.64317241333158 -0.7750964125795601
0.61711534211492 -0.818041789533375
0.59781366784723 -0.8661586742169749
0.58603216190353 -0.91729761307567
0.581533471879025 -0.96971644399467
0.58345790894518 -1.02118704109817
0.5906736111035851 -1.0716550160403702
0.60265910346216 -1.12254580235426
0.61867218906146 -1.173144547317635
0.63684704238561 -1.2205798393158251
0.657993794143755 -1.2690508388257
0.67993627564315 -1.31514994588476
0.70392783284066 -1.362950163944795
0.7273998960622 -1.408599729211055
0.75188390327062 -1.45632471176879
0.774588851288895 -1.501771490089695
0.79721826968304 -1.549399725632575
0.819185722782985 -1.5993851448647551
0.83782810494442 -1.64648649958844
0.85482578037642 -1.6956238276533249
0.869578428811665 -1.7467586258965149
0.88145821795018 -1.79976965610807
0.88982938324248 -1.8544400702884398
0.894070695805785 -1.9104466281467603
0.893650432360235 -1.96638773362139
0.888375631346285 -2.02135081368599
0.878093403920835 -2.07532074647174
0.86258033366984 -2.128179449128215
0.8415371829917649 -2.1797194859973503
0.817871276208985 -2.224190651804525
0.7891521351749999 -2.26711894832967
0.7557028775793 -2.3072643697589603
0.718264191971235 -2.34345049796873
0.67735152835377 -2.37515421497406
0.63358286321255 -2.40195336954711
0.587652127063465 -2.42354965981828
0.5402966288212 -2.4397832536286552
0.486245840447432 -2.4516205056830147
0.43235252224577997 -2.456835803513645
0.3795392042733195 -2.455803428400625
0.3285936001218945 -2.449048744978555
0.2749392139799805 -2.435600082359495
0.224993705586835 -2.4168087828963047
0.1791393282376785 -2.39363070377839
0.1368448846653815 -2.36647591013489
0.0942117730064155 -2.332417756691835
0.0558948626279535 -2.294695331313955
0.0220012386299367 -2.2540345218638853
-0.0074868441912878 -2.21111866739131
-0.0326908020285989 -2.1665732877424753
