1 0
1.00370011351414 -0.0519954615300535
1.01414960422196 -0.101413204363712
1.03174642633254 -0.151271485870006
1.05638038106343 -0.200522113339947
1.08394087606303 -0.243412112463093
1.11751198751248 -0.286555968303509
1.15197963073232 -0.324722381510968
1.18858398370874 -0.36107250296045
1.22744266331432 -0.396779288030303
1.26885407188943 -0.433069087262496
1.31300541503402 -0.471158379002126
1.35284177815587 -0.506088199436199
1.39321930827088 -0.54308656762147
1.43347216165081 -0.582725287357818
1.47284773211425 -0.625601352028877
1.51040567150767 -0.672203108217107
1.5392205521283 -0.713657146611975
1.56483119426082 -0.756950775588994
1.59065086085139 -0.810997762515059
1.61046130928275 -0.866762033682767
1.62377092462027 -0.923481546584113
1.6303183623365 -0.980278756988879
1.63008317062594 -1.03622065889087
1.62328054413037 -1.09038005128947
1.61034124515637 -1.141893022259
1.59187878319703 -1.19000796193838
1.56437021690502 -1.24105294986409
1.53130042947887 -1.28650948895709
1.49255583687076 -1.32712105619532
1.44879104088415 -1.36225870955295
1.40082218165675 -1.39136120829607
1.34953783160537 -1.41403665170673
1.29585747536832 -1.43007344689051
1.24069030338301 -1.43944094926794
1.18489724003957 -1.44228098112999
1.12925835907417 -1.43889215606216
1.07444690498706 -1.42970916436937
1.02122779908048 -1.41534853319196
0.970678355776474 -1.39678374377792
0.922978261463205 -1.37489977448123
0.87809476579659 -1.35050565952179
0.830046984735781 -1.3204795562108
0.785105507542572 -1.28905124946302
0.742799351404286 -1.25698571404644
0.702592666943628 -1.22488606939831
0.663904473646762 -1.19320544120514
0.621409004857752 -1.15845480202655
0.578999378467751 -1.12488638253278
0.53525547012497 -1.09251030068761
0.493142370888575 -1.06435463749848
0.444585596524513 -1.03634815333182
0.396350452227765 -1.01380020110217
0.346265590322384 -0.99629590309581
0.29593346599762 -0.984975251909328
0.245552193380421 -0.980107707674681
0.192876717236574 -0.982175781278289
0.141523594310759 -0.99161274993393
0.090833422451545 -1.00868567013054
0.0433334142517946 -1.03241839063731
-0.0024924743539884 -1.06331259136716
-0.0436983992682239 -1.0986994295347
-0.0805987823483417 -1.13722949970133
-0.112835518746917 -1.17657295186947
-0.145645115143558 -1.22206578164375
-0.175143233921612 -1.26715046865211
-0.202315167418201 -1.31123817571984
-0.228747400702967 -1.35525154517364
-0.255330662545946 -1.39928866707504
-0.28272299942374 -1.44314474081105
-0.311515681886743 -1.48654000872692
-0.342389091994247 -1.52931808407448
-0.375810740787887 -1.5709884849987
-0.412140440972957 -1.61094934606062
-0.451619015878055 -1.64852447358535
-0.4943514079376 -1.68299122774058
-0.540293836626406 -1.71360905141619
-0.589246135373796 -1.739647993074
-0.640849784923469 -1.76041724094038
-0.694592140411595 -1.77529386673245
-0.749817499119732 -1.78375155295419
-0.805745628815547 -1.78538829251754
-0.861498002611733 -1.77995124448956
-0.916131267424896 -1.76735639059439
-0.968676538171249 -1.74770054351042
-1.01818216408012 -1.72126367670104
-1.06375688681271 -1.68850042936425
-1.10460999949562 -1.65002083486938
-1.14008532966283 -1.6065615934693
-1.16985046250795 -1.55864504232571
-1.19407191126339 -1.50551781349994
-1.20961758905472 -1.45690366064555
-1.21979739765636 -1.40775044527738
-1.22538333235607 -1.35053224273647
-1.22486365782257 -1.29426694263688
-1.21903716144017 -1.23959601281494
-1.20874461243141 -1.186949692224
-1.19482128850727 -1.13657035442131
-1.17806190798193 -1.08854146020259
-1.15636860385019 -1.03646663829097
-1.13288392489793 -0.98717496946001
-1.10842194952598 -0.940318832370806
-1.08364898714653 -0.895462965459535
-1.05605998133302 -0.84676091279198
-1.0293069092134 -0.799118965397105
-1.00377855164703 -0.751494115461539
-0.979680346569074 -0.702311836524218
-0.959347756960195 -0.654597541461913
-0.941054838576933 -0.601401882106978
-0.928563924664377 -0.550644414571234
-0.921525729259762 -0.500601848632531
-0.920210838850135 -0.450499311826658
-0.925117244277689 -0.400677872199513
-0.937334238806911 -0.349444915482942
-0.957299452205273 -0.299339836340448
-0.982610239364307 -0.255188712486758
-1.01547695699728 -0.212426071549604
-1.05148678664857 -0.175997279493189
-1.09430860538581 -0.141363743503297
-1.13919703095567 -0.111743552460552
-1.18415978640047 -0.0867658803908019
-1.23498384670787 -0.0624014457753094
-1.28411768817546 -0.0414115952075111
-1.3318400414218 -0.0224212180531678
-1.37924869414547 -0.0040946500025279
-1.42673380052194 0.0144575472976758
-1.47436853205368 0.0339666928834229
-1.52202222735751 0.055087994438212
-1.56940409582338 0.0784193487196672
-1.61608777058489 0.104493812714415
-1.66153261172371 0.133760502350664
-1.70510648844796 0.166562027260167
-1.74611051331901 0.203113341469224
-1.78380504560416 0.243484629621942
-1.81743656202195 0.28758935780089
-1.84647408322846 0.335570211225032
-1.8706164717439 0.388468465632975
-1.88643297965089 0.437569910467066
-1.89681148707592 0.489735591862325
-1.90088210845982 0.544365010733032
-1.89784663161794 0.600639230333323
-1.88704011073494 0.657526126046046
-1.86799491541929 0.713806336738167
-1.84570670745954 0.75920011965842
-1.81266695683498 0.808946817059273
-1.7744529731342 0.852252244292505
-1.73254994255768 0.888869911864658
-1.68832745406648 0.918903397483542
-1.64289186412323 0.942754342465654
-1.59621971074535 0.96127272706053
-1.5408042036574 0.976650673339688
-1.4852710129634 0.985839821962597
-1.43039190624077 0.989515975109652
-1.37673753918437 0.988433284928738
-1.32469220185161 0.983373304573609
-1.27447627451137 0.975105310572606
-1.21942678830866 0.962659130232734
-1.16681575077083 0.947959452086456
-1.11644144128582 0.931869611491823
-1.06799014847228 0.91512229864223
-1.01527307603993 0.896248099257566
-0.963753653440529 0.878008633680174
-0.912474781395441 0.860966500088633
-0.859931524243077 0.845593720922988
-0.809532993111411 0.833678944520475
-0.753992301701185 0.824668477630579
-0.701802595785934 0.820950627039871
-0.651119284945024 0.822495126531925
-0.60145156615794 0.829700775908946
-0.55315686530655 0.842988301980832
-0.504734432758647 0.863712306727268
-0.458720296640619 0.891892760614604
-0.417319434839456 0.926403586384732
-0.382733155615059 0.964215676779196
-0.351431656310467 1.00836565782417
-0.326931279445527 1.05242069818337
-0.305314960497102 1.10149574959013
-0.288313490498497 1.14982142385894
-0.27272591109758 1.20456939773583
-0.261082965753908 1.25336898935268
-0.250650257522127 1.30254589368011
-0.240600495159088 1.35269894282319
-0.230178882495772 1.40410345382758
-0.218733938944358 1.4563090620594
-0.205535565934754 1.50910694001401
-0.189783110790022 1.56241995062723
-0.170672819127045 1.61597630734762
-0.147418462269522 1.6693083265554
-0.119286377550765 1.72174896184789
-0.0916542907742072 1.76414910975913
-0.0599010194520502 1.80472680633255
-0.0238334654259204 1.84278970883941
0.0166196805116847 1.87756914948773
0.0613829044604563 1.90823769966072
0.10978884606538 1.93374371151959
0.160851828450195 1.95323526221416
0.213676816886436 1.96623608044537
0.267255478587527 1.97249167429677
0.320534117152205 1.97199452684473
0.372487724656251 1.96498475344399
0.42218944032824 1.95192546800202
0.468865526683947 1.933457227468
0.52007108853392 1.9052300234486
0.565447905741613 1.87172336000436
0.604742226936668 1.83433557187311
0.638020336138123 1.79435031385998
0.665940951767515 1.75227842395831
0.692479455124016 1.70085795924581
0.712809084191053 1.64796351652858
0.727418373684316 1.59452601342677
0.736925126311111 1.54129252933497
0.742020967101971 1.48882817434649
0.743425374426173 1.4375290855505
0.741421392587375 1.38063846694073
0.7365283479555 1.32575310070273
0.729659065823599 1.27286211243364
0.721618484685835 1.22181402277432
0.713102281009148 1.17234184411604
0.703694388994884 1.11809753725226
0.695182118962639 1.06462860276203
0.688269097792616 1.01078847002578
0.684139953807028 0.960825048979041
0.683060025625139 0.90525375760339
0.686500587797447 0.851506637044271
0.695477736878173 0.797533947290995
0.710041778960816 0.747060034455594
0.73017706026481 0.700255665977777
0.757398251762905 0.655018127078002
0.791195388486816 0.61370558989721
0.829932960460907 0.578228854844238
0.874640643516493 0.547498030397578
0.92149316822821 0.523514892355344
0.974227252002129 0.503895306304979
1.02555246964588 0.490475069442653
1.07522243456541 0.481561363680141
1.1308476483967 0.475148894190325
1.18101662666645 0.47168058387503
1.231152257634 0.469616513206193
1.28207777057572 0.468225827377346
1.33425337061763 0.466815635659595
1.38793887080073 0.464647396920774
1.44323163335781 0.460904411941042
1.50004659207962 0.454689008973151
1.55810143507155 0.445043701212536
1.60706948080225 0.433683102779121
1.65612874674543 0.418724496552588
1.70473553961868 0.399684881779634
1.752229557723 0.37617469761276
1.79784813149039 0.347935883074818
1.84075179837787 0.314878036606175
1.88006209247831 0.277108539426534
1.91491088467666 0.234951745116294
1.94449832809613 0.188952160703816
1.96815377597547 0.13985752126248
1.98539170757921 0.0885801673906226
1.99595375278136 0.0361390024911043
1.99982920159346 -0.0164113843964767
1.9972500343267 -0.0680545594830522
1.98866157992922 -0.117878274337957
1.97129158409732 -0.174209495387853
1.94740373235994 -0.22587380764868
1.91833135922612 -0.272292951834657
1.88537295607658 -0.313237690207729
1.8494175552161 -0.349023516485432
1.80394359312108 -0.38519212377878
1.75573120829158 -0.415452923032603
1.70581162347052 -0.440087967939996
1.65506064919085 -0.45955016308902
1.60418777627786 -0.474407110220233
1.55373893636196 -0.485291883078397
1.50410802545454 -0.492862427463466
1.448714247027 -0.49829038104249
1.39492176158302 -0.501161996440005
1.34276381381082 -0.502322863627742
1.29213489666458 -0.502530680489498
1.23671453503561 -0.502463175068082
1.18240448396342 -0.502914719100177
1.12833934346434 -0.504748906628197
1.07284842990805 -0.509041971238978
1.01871337463314 -0.516618442889772
0.965332580582364 -0.528501036439049
0.917229905135242 -0.544085368475639
0.871023378856365 -0.564678753771019
0.82624906971128 -0.591544408648845
0.784782751621928 -0.624775428394728
0.748608477126802 -0.663426301882625
0.719202788206586 -0.705465763353685
0.695521444831587 -0.75167768365458
0.676996222173529 -0.804019515988269
0.665052324868976 -0.858469392618919
0.659249805483772 -0.910084084438525
0.657821801174296 -0.966356246126282
0.660262930414404 -1.02098690392982
0.664968304338802 -1.07112197577304
0.671213352975882 -1.12083317517464
0.678396244032594 -1.17102607485226
0.685925497081062 -1.22233673747138
0.693139933245931 -1.27518512799362
0.699278385417728 -1.32984393202864
0.703467783364273 -1.38642352976053
0.704736176553074 -1.44485679216749
0.702046722294767 -1.50486675210483
0.696026330370293 -1.55571234976744
0.685956729843216 -1.60685525374502
0.671333204721981 -1.6577230550156
0.651759463000643 -1.7076189062017
0.626987771110122 -1.75573942780325
0.596955625702663 -1.80120558284377
0.561814105578924 -1.84310686182818
0.521942417356982 -1.88055697435844
0.477943530360705 -1.91275646169776
0.430617716221471 -1.93905487148043
0.3809143343247 -1.95900339584291
0.329866648544771 -1.97238919354572
0.27851844187734 -1.97924543740338
0.227853189971074 -1.97983586321591
0.169163199836605 -1.97292797925193
0.113883816993323 -1.9587138267437
0.0628400501197505 -1.93840187553721
0.0165043885371674 -1.91323418003703
-0.0252065096834338 -1.88419504877573
-0.0689509424046044 -1.84584131894107
-0.107343152819967 -1.80370861103902
-0.140470551929273 -1.75886804061165
-0.168618935393091 -1.71226868902324
-0.192218863174792 -1.66471615903423
-0.211796298610359 -1.61686608766311
-0.227930141901999 -1.56922804102261
-0.242918280298044 -1.51551813300827
-0.255065786493819 -1.46293458271573
-0.265203435446416 -1.4116637777399
-0.274099473831086 -1.36173914197433
-0.283502282632705 -1.3070492638786
-0.293179343517188 -1.25356720671782
-0.304122450658079 -1.20060985872043
-0.317644884547 -1.14677664294685
-0.334030592844327 -1.09502581704659
-0.354698042239697 -1.04409679213105
-0.378186719765987 -0.998913231422535
-0.406450879410519 -0.956292955130017
-0.440497402146208 -0.916448864587779
-0.48019217263952 -0.881028361756521
-0.52426962440922 -0.85178392834828
-0.570470899560895 -0.829803531675639
-0.619706655689985 -0.814165330219472
-0.673884301710158 -0.804607405620547
-0.729486554455835 -0.801808963362441
-0.781165464125527 -0.804621080485405
-0.836590716701195 -0.812520749644859
-0.889667162566997 -0.823962245185934
-0.938243499021981 -0.83699806628297
-0.98617434512918 -0.851544274636817
-1.03435171644199 -0.867129091948053
-1.08352481214452 -0.883285313088791
-1.13423168660124 -0.899441839097036
-1.18688058071883 -0.914905266810768
-1.2417404164831 -0.92884453531523
-1.29892409477057 -0.940299446701462
-1.35835201500485 -0.948207196510153
-1.40937083170224 -0.951281255509252
-1.46141016511028 -0.950473172771267
-1.51400511852814 -0.94518220555336
-1.5665492830344 -0.934889401188847
-1.6183044178579 -0.919200116877843
-1.66842332609616 -0.897885709276514
-1.71598722867956 -0.870919776614478
-1.76005701551593 -0.838503303010639
-1.79973500411025 -0.801072846841224
-1.83423076317828 -0.759287176828082
-1.86292212662809 -0.713990784510221
-1.88540186987714 -0.66615706426546
-1.90150238506172 -0.616818425773303
-1.91129485731842 -0.566993584362829
-1.91513365013828 -0.507876967052018
-1.91111894719781 -0.450782514069094
-1.90028869124476 -0.396755547740334
-1.88378292213462 -0.346498797743373
-1.86262533707549 -0.300183478080108
-1.83723896671385 -0.257100231469058
-1.80315198169027 -0.211101286709157
-1.76528148090474 -0.169826935568024
-1.72463243277365 -0.133198530795463
-1.68209803088237 -0.10096005763734
-1.63844199942561 -0.0727263512109561
-1.5942931304887 -0.0480268340240557
-1.54386546108621 -0.023459906450644
-1.49398443639098 -0.0020297865450347
-1.44500723170684 0.0170551003682398
-1.39712577526398 0.0345531492897429
-1.34461914308182 0.0532375678082447
-1.29339817461732 0.0718225529997839
-1.24302090878293 0.0913729812223603
-1.19248792405768 0.113304486620008
-1.14517993919895 0.137091634669381
-1.09729292151662 0.165870589774601
-1.05562453838145 0.196465928787135
-1.01633556887767 0.232338199950581
-0.981816914176157 0.272666001376785
-0.95286081314145 0.317564576380475
-0.930835748143663 0.365535917211943
-0.916358371530416 0.414168706407758
-0.908572103803087 0.464417859576952
-0.907382888170326 0.517899751058544
-0.913033372123383 0.572940685904722
-0.923653633554826 0.623034339499777
-0.939826424852051 0.675664057863395
-0.959084232944552 0.725152846989102
-0.983232859331258 0.7782042070649
-1.0056580781347 0.822986089989247
-1.02916795723693 0.867759304339045
-1.05344060678514 0.913362947660947
-1.07801552521928 0.960434717822613
-1.10229057117839 1.00950297719644
-1.12550480143167 1.06098354379389
-1.14674245893442 1.11516264665292
-1.16495170091257 1.17215790074339
-1.17698496578886 1.22174036378097
-1.18542917617927 1.27301577642783
-1.18960996817734 1.32564217947819
-1.18890566568923 1.3791245609552
-1.18279053621156 1.43281608710704
-1.1708797996425 1.48593223805531
-1.15297219422649 1.53758002773857
-1.12908453081683 1.58680285653809
-1.09947190185737 1.63263895018299
-1.06462777898581 1.67418811712868
-1.02526062878083 1.7106785663227
-0.982247749118054 1.74152395425615
-0.936571769283121 1.76636166276725
-0.889249068592337 1.78506670503573
-0.831663652310898 1.79957484865242
-0.774627085894724 1.80594597071613
-0.719369864567371 1.8050075239734
-0.666803141231946 1.79775492277231
-0.617344638305964 1.78518524104752
-0.570369881244291 1.76785978956978
-0.518978027461979 1.74245248849204
-0.471581844541758 1.71244430785816
-0.42828936257731 1.67884278300783
-0.38901191912889 1.64257776364962
-0.353508668599808 1.60447480445033
-0.321428989869167 1.56524159654711
-0.288414156751246 1.51976580118016
-0.25862352678621 1.47426035404755
-0.231338501149138 1.42922236225859
-0.205843925411474 1.3849793823668
-0.178427912579361 1.33636894769906
-0.151381189695388 1.28901315908445
-0.123589588514461 1.24267462188274
-0.0935257090537314 1.19664689185603
-0.0623913375946181 1.15428532080715
-0.0259616520535767 1.11171930652948
0.0112284571254154 1.0755543597014
0.053681821953258 1.04228633922192
0.0993703814413234 1.01481896087384
0.14852260988349 0.993681243034389
0.1994554353743 0.979920609846914
0.249693366822017 0.973711093412779
0.300301949548251 0.974336210569389
0.35281641655767 0.98192071505221
0.405993954352997 0.996520275658589
0.453493980821194 1.01522149597202
0.502463213896034 1.03978361686034
0.547744573491881 1.06683802153212
0.595853490125136 1.09943816199133
0.636210000800868 1.12909663456281
0.676293500720242 1.15982737200905
0.717006278361998 1.19147089181562
0.759064034605148 1.2236944415417
0.803095707739924 1.25600730827765
0.849647738694659 1.28774423395762
0.899167308557132 1.31806470714886
0.951962504701935 1.34596395671365
0.998550315966426 1.3665434651793
1.04743157796663 1.38394113998391
1.09839832315389 1.39743372007649
1.15108384286914 1.40632012842708
1.20495555417738 1.40996381442309
1.25931998723049 1.40783928897194
1.31334283414091 1.39957923731024
1.36608571763972 1.38501695686081
1.41655900622131 1.36421760087608
1.46378678528391 1.33749157710556
1.5068767009333 1.30538511968472
1.54508499442062 1.26864664543964
1.57786681864293 1.2281722786364
1.60490439146937 1.18493837802439
1.62965888802041 1.13080095823218
1.64626854688617 1.0757026058623
1.65531727768012 1.02101693315887
1.65761770264451 0.967834155981511
1.65408423348321 0.91681237889757
1.64539961353977 0.867440660063468
1.62951011825549 0.812276761610776
1.60834160224769 0.760238427061504
1.58286962725332 0.711618790311192
1.554029500155 0.666501483174017
1.52268150404369 0.624799785602259
1.48958952014908 0.586296200394995
1.45047188788124 0.545805310482241
1.41073456155506 0.508520287674963
1.3709999846194 0.473820152212343
1.33172207775511 0.441057097636422
1.28844940800123 0.405689551908447
1.24634519783479 0.370952063218098
1.20537981349987 0.335718812810537
1.1651462622435 0.298405567479018
1.12883140721753 0.260881036946875
1.09279644212417 0.217758249411669
1.06317411561954 0.17494798747478
1.0370623257922 0.126980495213607
1.01746616255585 0.077149779987948
1.00475407182312 0.0250914159425403
0.999628515213789 -0.0273942305252201
1.00181739699247 -0.077848712513777
1.0107586072093 -0.127430317570907
1.02677027291196 -0.177572019739479
1.04986544429409 -0.227457309570508
1.07608771897153 -0.271080718447288
1.10828116979809 -0.315078775053684
1.14227946301759 -0.354955166045523
1.18233431899522 -0.396770744435537
1.21837794087102 -0.431552171246164
1.25542118060905 -0.465800749034681
1.29347919484917 -0.500451881935907
1.33235979648701 -0.536274564337358
1.3716998608564 -0.57397565666581
1.4109515680939 -0.614211436806214
1.44937726640664 -0.657572206008168
1.48605309191525 -0.704543138428283
1.51449500214793 -0.746682230981264
1.54025934021529 -0.791624428983125
1.56260016685584 -0.839301747442321
1.5807630164349 -0.889487714054245
1.59402474587832 -0.941782283517532
1.60173977837587 -0.995607643420396
1.60338983646675 -1.05021847061846
1.59863243969586 -1.10472929953211
1.58734174994447 -1.15815968730853
1.56963454666394 -1.20949479464666
1.54587499870965 -1.25775537663796
1.51665485131287 -1.30206808749992
1.48275021915346 -1.34172574583433
1.44506103978446 -1.37622862518505
1.3961835360577 -1.41045615796059
1.34485180166421 -1.43681082386673
1.292534409909 -1.45560859793988
1.240464028332 -1.46744725009841
1.18950711351998 -1.47310506245195
1.13931705188582 -1.4733601910131
1.08213124310773 -1.46752030333729
1.02708669429629 -1.45588774135307
0.974653467189586 -1.43937221481636
0.925086435898975 -1.41888266226644
0.878457582801777 -1.39528539872817
0.834691300418634 -1.36937551541509
0.787931712537906 -1.33783403787552
0.744251393025122 -1.30508916907989
0.703148693043933 -1.27186961995955
0.664065307743226 -1.23874201176797
0.621763578090255 -1.20209771627013
0.580331788980725 -1.1664832015838
0.538669489134685 -1.13207295179809
0.495188707339347 -1.09875618285894
0.452385387286282 -1.06941363663367
0.403831329372372 -1.04101610245718
0.356537357759302 -1.01879576722134
0.308915502755016 -1.00207522992072
0.260074170268423 -0.9909367929511
0.210270385425839 -0.985948554423155
0.157635398785888 -0.98784985594915
0.104528542077007 -0.997583961774403
0.053410619693959 -1.0149073539268
0.0074231040923946 -1.03780152846968
-0.0377425681186642 -1.06778830843005
-0.0764881255100247 -1.10010411300708
-0.114381698471965 -1.1381638956637
-0.14772121962986 -1.17720323251121
-0.182069883675701 -1.22274767979978
-0.210529965383197 -1.26404880712367
-0.23802827669275 -1.30615087343398
-0.26554503772222 -1.34930416056694
-0.293889319339815 -1.39349951134074
-0.323823383466907 -1.43854197075695
-0.356092880446035 -1.48405197442452
-0.391415710874343 -1.52945163750583
-0.430449925427169 -1.57396230180535
-0.466209791158707 -1.60967632925329
-0.505145944871749 -1.64343681110325
-0.547358733845648 -1.67451306768319
-0.592801342479369 -1.70212996686687
-0.641256067808858 -1.72550204300503
-0.692319073126302 -1.74387612951289
-0.745397640761659 -1.75658073641326
-0.799723616271763 -1.76307856897739
-0.85438542467298 -1.7630165316945
-0.908378499039481 -1.75626595679638
-0.960670405084952 -1.74294551265666
-1.01027321169954 -1.72342099008492
-1.05631305655125 -1.69827998041687
-1.09808660935783 -1.66828444311834
-1.13509666205143 -1.63430868532993
-1.17284205990669 -1.58957880293679
-1.2032411416502 -1.54199157018222
-1.2265540985674 -1.49294803218654
-1.24330091072699 -1.44362797988014
-1.25427224322977 -1.39431763534982
-1.26058636471486 -1.33676948624079
-1.26056043412584 -1.28007231302561
-1.25498445646942 -1.22492294151402
-1.24470390549602 -1.17179965792483
-1.23056838232221 -1.12098375488864
-1.21339315120045 -1.0725881628361
-1.19100606306031 -1.02020599656658
-1.16663054120636 -0.97074412640034
-1.14111699501689 -0.923864707591073
-1.11516433168835 -0.879137113648691
-1.08932757838224 -0.83606221438716
-1.06092365539771 -0.788872474852964
-1.03362861754476 -0.742102488636924
-1.00768770133972 -0.694439741758088
-0.985751342857168 -0.649437061676467
-0.964597829906932 -0.598118923462884
-0.948242609545288 -0.546707290488981
-0.936949295003557 -0.49298570701638
-0.932160565131836 -0.440511520095751
-0.933916047786851 -0.389535250245845
-0.942841539117005 -0.337486765597987
-0.959306484776899 -0.286741745397558
-0.982469048666278 -0.239671295030262
-1.01287032617365 -0.194893472305424
-1.04770434796105 -0.155610028557604
-1.08966315486501 -0.118187478930193
-1.13253608090503 -0.0870829489528563
-1.17548245748844 -0.0607979696009594
-1.22484872832026 -0.0347093302135999
-1.27036804103322 -0.0132779533476391
-1.31634205836422 0.0067990246200716
-1.3632871295527 0.0265093542952529
-1.41138864029838 0.0466676678425253
-1.46062677791734 0.0680563864599744
-1.51080247388438 0.091471732335384
-1.56151748416427 0.117719796321126
-1.61216835667045 0.147592226948943
-1.65374481082439 0.175782181438427
-1.69412683974271 0.207349114855741
-1.73263579573436 0.242550559949469
-1.76851735482927 0.281515855781666
-1.80096822348311 0.324215681296407
-1.82917272553406 0.370437325439972
-1.85234864206619 0.419769854293665
-1.86979998180343 0.471603506596324
-1.88097217890672 0.525147024611434
-1.88550304873379 0.579464790414871
-1.88326151931518 0.633532496253506
-1.87436660158169 0.686306140090573
-1.85918175212651 0.736795551679901
-1.83828432844607 0.784131830048353
-1.81241490496824 0.827618967282221
-1.77599680833571 0.874042555917408
-1.73514693030203 0.913765145424994
-1.69132076742081 0.946719649000824
-1.64581725689992 0.973154262944312
-1.59938339851411 0.993670968160612
-1.54393028745676 1.01111241988326
-1.48803699073738 1.02204203348719
-1.43256796064919 1.02709238687176
-1.3781809075808 1.02700064519927
-1.32533661186092 1.02255199839365
-1.2743191165307 1.01453448584826
-1.22526107985723 1.00370505023969
-1.17159956508781 0.988782854991696
-1.12035993710826 0.972037918829561
-1.07126975535006 0.954273474115861
-1.02395852947535 0.936160516019206
-0.972288297830097 0.91604600395204
-0.921482879586714 0.896806504439123
-0.870431684287984 0.878936304988935
-0.817214474300183 0.862836235143031
-0.764163755184513 0.850278585829923
-0.710012468826303 0.841935029605998
-0.659398327268213 0.838958641286871
-0.608662316635524 0.841359939011848
-0.55711562457781 0.850134020872394
-0.506387333755168 0.866034775681453
-0.458655254842604 0.888891724305087
-0.416025180870361 0.917339304946965
-0.377239296374021 0.95171242963291
-0.341071597660472 0.993584469243726
-0.310158107815958 1.03993862050278
-0.286025296000892 1.08585228425059
-0.264299615461385 1.13765536685037
-0.246791801880891 1.18930591616166
-0.232997400436213 1.2377281191206
-0.220810871557798 1.28632006833183
-0.209347903522626 1.33568490099918
-0.197825214461984 1.38620988810472
-0.185475120576142 1.43805278012545
-0.171490727864672 1.49119758034115
-0.155019297551472 1.54543705501988
-0.135179241917816 1.60036308860623
-0.111102816478683 1.65534892691967
-0.087228800540584 1.70060525319257
-0.0594832221331013 1.74469719282197
-0.0275981547448703 1.78691159128775
0.0085493818943964 1.82645761747733
0.0489062870146206 1.86249759901385
0.0932200100426752 1.89418871282734
0.141027591629209 1.92073415900968
0.191661600410156 1.94144023523523
0.24427613577533 1.95577327008022
0.297893321555783 1.96340844728374
0.3514668247104 1.9642621386162
0.403954886052299 1.95850118709063
0.454392589557226 1.94652659082169
0.501952852216933 1.92893416403253
0.554329213337602 1.90144929354026
0.600898737466662 1.86834521140691
0.641318613616548 1.83104821613499
0.675588867796542 1.79089105432426
0.70412361911716 1.74879049264041
0.731197012753515 1.69726565927035
0.751904772517739 1.64412736609553
0.766711524592074 1.5903469821474
0.77622422304894 1.53671058197622
0.781134202627082 1.4838179673737
0.782168568682447 1.43209423419125
0.780051767468492 1.38180863777671
0.774660986239868 1.32626898570471
0.767010018745548 1.27280785212733
0.757943217774066 1.22130141840786
0.748191303940282 1.17150536288876
0.737175105318843 1.1170895035232
0.726838055195985 1.06371559374288
0.717858494849768 1.01039648845798
0.710951657571902 0.955376244696896
0.707444388160257 0.901339322655198
0.708195639769983 0.846277964201207
0.713662853223975 0.795549918510408
0.724549327456859 0.745356687017232
0.741816773964826 0.695794260403994
0.765939901390485 0.648349879112129
0.796368651628242 0.605099343959243
0.831385974529861 0.567867277588684
0.87149032311301 0.535460798453864
0.918320812888831 0.506948984551776
0.969075212483567 0.484130271693257
1.01817808826983 0.467987883465918
1.07257802113351 0.455240886802751
1.12604576026376 0.446658361076401
1.17601259399387 0.441192681048268
1.22595424117926 0.437385584671795
1.27648131317666 0.434478216820129
1.32813210192518 0.431763434075695
1.38120694905405 0.428515633893832
1.43584042745014 0.423942891447804
1.49198796954786 0.417175267133525
1.54941334466869 0.407278121420053
1.60766447294244 0.393289378929035
1.65634737671546 0.377832814623812
1.70459793346372 0.358402897165052
1.75176923445383 0.334604000750192
1.79711138781936 0.30616665457783
1.83979552385452 0.272983797055245
1.8789497884346 0.235141634086594
1.91370693046414 0.192940346499107
1.94326094496735 0.146899598064505
1.96692760259142 0.0977445509329943
1.98420126447609 0.0463703299287701
1.99479914899123 -0.0062134620798457
1.9986851033204 -0.0589522716276538
1.99606821481307 -0.110820709378677
1.98737652743473 -0.160890431937039
1.9697829187309 -0.217515544841093
1.94556124833447 -0.269437920091161
1.91605640577206 -0.316047559319647
1.88258757409691 -0.357092277892804
1.84619167886363 -0.392761875215993
1.80701375046534 -0.423875296059391
1.75865604576846 -0.454578394749668
1.70845540474163 -0.479499915110621
1.65732431027201 -0.499072877456081
1.60600703607979 -0.513856581371009
1.55508028822889 -0.52448506248732
1.50496374583891 -0.531624121043279
1.44903173492836 -0.536360611252245
1.39474095995008 -0.538350995035284
1.34214147442243 -0.538464266055074
1.29114072467062 -0.537478850983274
1.23540190605729 -0.535912571908607
1.180909336818 -0.534702754692906
1.12687323263623 -0.534682123862792
1.07186935248415 -0.536803831571565
1.01929887896809 -0.541787612693368
0.964171403731502 -0.551211617312844
0.914165769033318 -0.564581385029928
0.864269357343296 -0.583814906524218
0.817381748219958 -0.608883824996732
0.774066742392047 -0.640209726746125
0.736122383424358 -0.676890561677361
0.704987431132061 -0.716898685978463
0.679510655395279 -0.760800491868111
0.659015183356244 -0.810032932371307
0.644278199154524 -0.863290363555603
0.635970714084055 -0.913757521240676
0.631924731328839 -0.968561786587994
0.631900126773706 -1.02152927703479
0.635157368527621 -1.07967658598821
0.639832446705642 -1.12954022817644
0.645538913437989 -1.17976365800547
0.651673939255565 -1.23102207563685
0.657579815711105 -1.28374861708092
0.662507020901573 -1.33822236001244
0.665598777416402 -1.39456063414274
0.665900244788051 -1.45270451798995
0.662389480150704 -1.51238963739062
0.655803097320939 -1.56294998158891
0.64527699088919 -1.61380772114095
0.630303239305299 -1.66440455829755
0.610477021135369 -1.71405818696674
0.585536530461556 -1.76197867576632
0.555400003094032 -1.80729747291674
0.52019518576275 -1.84910960198729
0.480275870207572 -1.8865276279655
0.436220297863986 -1.91874329378482
0.388807878796214 -1.94508991841081
0.338973932714572 -1.96509667771322
0.287746508114491 -1.97852581609935
0.236173488948244 -1.98538624326167
0.18525060682158 -1.98592146353729
0.126233617527647 -1.97885010087681
0.0706412836436527 -1.96435808223749
0.0193321605420186 -1.94365890029564
-0.0271945444737508 -1.91801045127418
-0.0688860656351781 -1.88850937882721
-0.106529367472091 -1.85546224983972
-0.145388419474337 -1.81327255038243
-0.178854399562381 -1.76821278466251
-0.207186469906029 -1.72126463196698
-0.230800389848637 -1.67326660976019
-0.250217262917681 -1.62490502443236
-0.266018908704801 -1.57671643109531
-0.280428338519521 -1.52235847560105
-0.291802313708483 -1.46913256112576
-0.300991792321147 -1.41724591685588
-0.308783444512051 -1.36674841475025
-0.316772300258756 -1.31148460579926
-0.324852895614417 -1.25753267203594
-0.333976800761747 -1.2042753880156
-0.345304601153563 -1.15051916816601
-0.358909102767696 -1.09987772616769
-0.377406641449194 -1.04692613679943
-0.39893349884097 -0.999652639131261
-0.426519886580686 -0.953006663816375
-0.459158789736825 -0.910745383998908
-0.497293121290326 -0.873170690899755
-0.539736011140252 -0.84184733678122
-0.584241638022965 -0.817824065527966
-0.631532256818299 -0.800037952026469
-0.683051790587506 -0.788039744841136
-0.737831138095611 -0.782304918683931
-0.788822196435294 -0.78245867251652
-0.843268266448915 -0.787541655966255
-0.895152782492985 -0.79628709713147
-0.9517323752187 -0.809196536396984
-1.00009512207038 -0.822215506482954
-1.04856311830067 -0.836345367691788
-1.09792953077552 -0.851113350549784
-1.14874615232387 -0.865953437273262
-1.20142553462283 -0.880184258597247
-1.25624077641876 -0.892991806223531
-1.31330964564327 -0.903434123966243
-1.37256197247554 -0.910465440935991
-1.42339880418384 -0.912922685393949
-1.4752362732379 -0.911605450787043
-1.52762373944139 -0.905912688161524
-1.57997049224681 -0.895320032601014
-1.63155401344709 -0.8794218116576
-1.68154098614759 -0.857972709375031
-1.72902252990827 -0.830924693525276
-1.77306338463305 -0.798453737498256
-1.81276215860043 -0.76097049454215
-1.84731671077586 -0.719110066942946
-1.8760861426087 -0.673698736518631
-1.89863986480691 -0.625699705168353
-1.91478563024268 -0.576144440528594
-1.92457226138141 -0.526059548545768
-1.92831290981968 -0.466594737850721
-1.924085681205 -0.409143949563421
-1.91292672739984 -0.354786552453773
-1.89598639016177 -0.304254779564739
-1.87436542170349 -0.257856186336105
-1.84852683505403 -0.214871532902994
-1.81386981979499 -0.169070223071826
-1.77539539958682 -0.128091246378292
-1.73412151931429 -0.0918601499615038
-1.69095347118354 -0.0601204899906418
-1.64666527550964 -0.03248297355032
-1.60189380075278 -0.0084702255092191
-1.55077363038116 0.0152117938017367
-1.50022543354298 0.0356633915219609
-1.45060877964219 0.0536891735999151
-1.40211593450119 0.0700581602498087
-1.34895450218627 0.0873961194583897
-1.29711550046173 0.104550344215583
-1.24617066117563 0.122557427081657
-1.19518256052109 0.142737093951883
-1.14784031357224 0.164474432628883
-1.09857958176513 0.191572022095859
-1.05535953237893 0.220723803358304
-1.0169137388757 0.252774620742384
-0.979664808883712 0.292162163303134
-0.948293661507352 0.335899093997794
-0.92394659142651 0.382627098701378
-0.907195514708732 0.429965163203341
-0.896373472125504 0.483506272766455
-0.893060747036776 0.535880714954157
-0.896424050698991 0.590674079947138
-0.904982474098143 0.640790878360436
-0.918963377429079 0.693383225279837
-0.936118724904146 0.742760589512881
-0.958244503239794 0.79618794279043
-0.979234622558488 0.841671311425401
-1.00135658134279 0.886988674343495
-1.02429007999358 0.933027321020492
-1.04758163461527 0.980439158121831
-1.07064117812176 1.02975487681953
-1.0927251240778 1.08139168053317
-1.11293645152593 1.13563722024112
-1.13024183140721 1.19261506430655
