1.99999936666683 0.000666666255
1.99605597925579 0.0511306548677629
1.98449414710315 0.100409825398307
1.96552620683327 0.147337688611146
1.93951143225115 0.190755131619397
1.90696623203034 0.229516215243354
1.86857910993047 0.262496971103773
1.8252310476621 0.288609043364802
1.77802201541982 0.306820993414231
1.72830403210254 0.316191667248447
1.67772007723199 0.315922515174771
1.62824503220912 0.305439420300334
1.58221719613056 0.284519100089778
1.54233213813396 0.253477543385686
1.5115392612139 0.213427275186548
1.49274203801326 0.166559330972108
1.48821419414243 0.116284096863124
1.49883759131386 0.0669425508476724
1.52361873983047 0.0229630388768152
1.55993636380968 -0.012126560237547
1.60434842233272 -0.0362121167055246
1.65337374486765 -0.0485081595831079
1.70393044290177 -0.0491917252544532
1.75347613209359 -0.0390390521012408
1.79999395791928 -0.0191634921957184
1.84192429614143 0.0091497597223464
1.87808883052944 0.0445415164440982
1.90762377866903 0.0856346437557194
1.92992613446889 0.131065414762998
1.944612173829 0.179500613695445
1.95148623667934 0.229646566999676
1.95051778695365 0.280253750486523
1.9418251029487 0.330119167763617
1.92566435331924 0.378087879080674
1.90242317179507 0.423054622134419
1.87261813714067 0.463966263677317
1.83689579829401 0.4998257796276
1.79603706475884 0.529698553116061
1.75096490734799 0.552722008320379
1.70275536293247 0.568119996044909
1.65265174862891 0.57522397944047
1.60208162626678 0.57350403441802
1.55267511381919 0.562614102650174
1.50628097982104 0.542457891016538
1.4649722980268 0.513284047614981
1.43102394056799 0.475820288246968
1.40682660786939 0.431450897656833
1.39467634149032 0.382417008428729
1.39636475954906 0.331950865645314
1.41256695200587 0.284144642361186
1.44226936864861 0.243337370364978
1.48271891742811 0.213132681496827
1.53009298478277 0.195633730523241
1.58043632063544 0.191348888697791
1.63030463105926 0.199598481409868
1.67699232321523 0.219012154036502
1.71850747426438 0.247899667602376
1.75345636073155 0.28447333327485
1.78091975725424 0.326966177128895
1.80034886480634 0.373689047891729
1.81148521301109 0.423054943339933
1.8143013130846 0.473586706360905
1.80895746387062 0.523916827460365
1.79577067008807 0.572783985139247
1.77519257076625 0.619028777056113
1.74779412241489 0.661589969857949
1.71425543598001 0.699502038614467
1.67535964224294 0.731894522292806
1.63198999297788 0.757993660368353
1.58512962487884 0.777126837329044
1.53586353483555 0.788730526180316
1.48538233259939 0.792362694584049
1.43498721366053 0.787721042751424
1.38609524338934 0.774669019494483
1.34024328213281 0.753272350812249
1.29908735573309 0.723849805329736
1.26439132035709 0.687042907956871
1.23799312014678 0.643909472401963
1.22172712804661 0.596042615043794
1.21726616626217 0.545703738563641
1.2258333134058 0.49592145545771
1.2477533644829 0.450435856464047
1.28193806192332 0.413298081198762
1.32563925576426 0.388045003229112
1.37485366291339 0.376791765045199
1.42526579363508 0.379858675496106
1.47311171376211 0.39610202453022
1.51556486081851 0.423540351034979
1.5507276873833 0.459877504942029
1.57746090863312 0.50281318969749
1.59519556342869 0.550190923443179
1.60377916156755 0.600053603457384
1.60336243863763 0.650654088136531
1.59431947864745 0.700446512549732
1.5771922756735 0.748070951312067
1.55265246371873 0.792337240696509
1.5214749681279 0.83221047799358
1.48451995557294 0.866799196183139
1.44272061130818 0.895346556624141
1.39707504787223 0.917224664900829
1.34864115400873 0.931932083085827
1.29853350397798 0.939094688808061
1.24792161223679 0.938470177940445
1.19802885460508 0.92995671268973
1.15013127312864 0.913606484533336
1.10555518946444 0.889645301307428
1.06567196639743 0.858499721026598
1.03188718256915 0.820833702605714
1.00561957352292 0.77759706299106
0.988261769568492 0.730087723132545
0.981109336665632 0.680027444943939
0.985236407907022 0.629643207692665
1.00128757935372 0.581726584399095
1.0291597481656 0.539601419114817
1.06760208111597 0.506869681113706
1.1139161152014 0.486802336216073
1.16410711446598 0.481468970434623
1.21366488245597 0.491109597367196
1.25856832952882 0.514234242031956
1.29589605111967 0.548292822898532
1.32389516789218 0.590380896633397
1.34175903321032 0.637687076758774
1.34935500669072 0.6876928665597
1.34700295160617 0.738227445215455
1.33531925439914 0.78745690738296
1.31511325880267 0.833850497550464
1.28732003113807 0.876142896998351
1.25295699468385 0.913299968930043
1.21309596065922 0.944490239617271
1.168845052332 0.96906234618342
1.12133698306543 0.986527984627105
1.07172138822334 0.996549756313878
1.02115967110895 0.998933395955627
0.97082266429249 0.99361547794472
0.921937443786052 0.98050709236965
0.875871445711267 0.95955657031067
0.834113992752549 0.930978779665037
0.798205728957471 0.895336583681997
0.769621061807999 0.853597162946099
0.749610321876889 0.807137349948154
0.739035659259924 0.757669583199088
0.738285151310372 0.707089687143489
0.747692999729207 0.657397450350474
0.767529550652626 0.610890363230533
0.797546079854496 0.57022535245374
0.836713584031839 0.538311401374825
0.882954898273748 0.518006854127203
0.933028291943231 0.511552946150307
0.982822063254592 0.51987076654696
1.02813554440737 0.542147140247003
1.06555738447174 0.576073473214273
1.0929229836776 0.618554248735008
1.10926308585567 0.666391810715881
1.11450547915802 0.716686616089656
1.10916481051129 0.766983930273627
1.09410901547736 0.815281750567291
1.07040539529025 0.859983945395357
1.03922516813055 0.899840675171533
1.00178596749683 0.933892894499032
0.959317744432913 0.961426003388559
0.913002639718035 0.981831767940742
0.863951428833064 0.994275118056547
0.813486614343896 0.997934890668444
0.763230054640448 0.992152023684475
0.715122244627854 0.976540848435648
0.671397818336227 0.951143499746646
0.634473290885232 0.916615198619671
0.606701346907023 0.87438567284601
0.589995202937321 0.826688715214201
0.585439372315051 0.776354927994057
0.593085112967491 0.726389396653946
0.612041263147557 0.679519208934855
0.640774266611832 0.637904197290755
0.677610136769231 0.603257821205472
0.721164443025871 0.577589376347989
0.769511961527725 0.56286042423083
0.819987919419151 0.560526680975257
0.869387813975071 0.571127568088839
0.914431719796323 0.594019801094934
0.952325246516475 0.627457483620844
0.981136709338068 0.668993848287723
0.999861660813937 0.71596383899061
1.00826661907009 0.765838353913807
1.00666576384429 0.816401760703847
0.995723917046292 0.865802249974067
0.976312871286356 0.912536399483932
0.949415978178578 0.95540852294863
0.915971223469988 0.993393971666157
0.876711666359009 1.02532608623426
0.832536009634099 1.05000161758394
0.78462455267413 1.06625265142215
0.734493817468293 1.07300082501978
0.684055249374882 1.06934761924568
0.635662097431556 1.05471997984044
0.59210524010746 1.02909082500872
0.556480973564724 0.993271473293169
0.531827315116368 0.949196174645367
0.520499883782041 0.899989799285831
0.523511393590369 0.849582921606179
0.540267113213116 0.80193258938492
0.568883434635112 0.760287642166027
0.606802412869754 0.726862416383954
0.651323471736916 0.702890932086485
0.69991221756996 0.688846660973959
0.750338605166384 0.684941268068629
0.800479305780052 0.691542772964434
0.848127560609391 0.708491360200741
0.89121280524737 0.734978594227959
0.928030560027641 0.769662132701839
0.957371902443148 0.810872802217397
0.978535687243001 0.856830450966636
0.991260158649896 0.905808382301313
0.995623285904433 0.956230343927941
0.991944622333918 1.00671243879505
0.980571428266824 1.056034826979
0.961728666310466 1.10301214740806
0.935763624335378 1.14645801446447
0.903188278835318 1.18519184921934
0.864697197718367 1.21804835111586
0.821191610751647 1.24389250807302
0.773810527396684 1.26164352656959
0.723969360690204 1.27031304603693
0.673404931850145 1.26906612397819
0.624221338325142 1.25731798722588
0.578920501447213 1.23488459777098
0.540378321912271 1.20220553424099
0.511687856778253 1.16063641268069
0.495755271058556 1.11272934064583
0.494598846582499 1.06226966495358
0.508594291591035 1.01377577486417
0.536217103787009 0.97151528462002
0.574549427362551 0.93862442971442
0.620136529846702 0.916823630703271
0.669650449438163 0.906634118898977
0.720205591939793 0.907750894227459
0.769434493787686 0.91936342813589
0.815454059900482 0.940375734228061
0.856798111367227 0.9695432964224
0.892348894676849 1.00555450616684
0.921278463160658 1.04707799189274
0.943001930452443 1.092789687406
0.957141535538224 1.14138806154341
0.963499730448971 1.19160254239861
0.962039597749316 1.24219816343505
0.95287123561426 1.29197830197444
0.936243102094794 1.33978673167306
0.912537622972479 1.38450987102979
0.88227062821917 1.42507997167738
0.846094394615427 1.46048000193533
0.804804239558835 1.48975113028456
0.759348724724917 1.51200401922692
0.710843553031773 1.52643565415699
0.660589088742678 1.53235424433981
0.610090894207479 1.52921597508903
0.561081312128283 1.51667920961571
0.515536990607594 1.49468416360201
0.475680486258574 1.46356850906938
0.443940493934604 1.42422904150362
0.422821557669046 1.37832770641739
0.414606203488691 1.32849660608534
0.42082432104928 1.27839802768587
0.441581021811253 1.23239213562602
0.475144289877495 1.19469278002611
0.518240756129415 1.16838496538205
0.5669333554291 1.15494212510025
0.617466796830746 1.15440256080209
0.666709817543863 1.16584633405994
0.712249797644658 1.18783452250234
0.752320985287728 1.21870310123038
0.785687818096425 1.25673141440229
0.811534821267804 1.30023025895528
0.829377574461479 1.3475843467463
0.838995047345107 1.39727043231511
0.840379596233858 1.44786306191408
0.833700570251589 1.49803444250049
0.819278172103189 1.54655193851244
0.797565048072143 1.5922751144156
0.769133784301591 1.63415341941015
0.734669020863397 1.67122521194044
0.694963282695035 1.70261866542245
0.650915896638972 1.72755509396315
0.603534536644867 1.74535535082076
0.553939017965338 1.75545017844277
0.503366924199829 1.75739574639236
0.453180435602503 1.75089614130957
0.404873196237344 1.73583532308829
0.360074934232675 1.71232207229767
0.320549293216926 1.68075266020111
0.288175941436334 1.64189692588034
0.264899845148637 1.59701253438803
0.252616777283032 1.54798475203582
0.252946328147984 1.4974640789475
0.266840550537961 1.4489142943279
0.294047751223649 1.40639441085409
0.332665791444372 1.37389872703067
0.379221927277189 1.3543915064273
0.429442563931483 1.34912240482149
0.47923398992794 1.35766630373225
0.525294567297325 1.37846995081195
0.565259803959735 1.40943736011041
0.597590381858531 1.44832683302841
0.62139167108375 1.49296191538233
0.636249520765463 1.5413242428634
0.642103690168181 1.59158435671256
0.639156420975505 1.64210356146713
0.627808082019387 1.69142391323193
0.608612305830056 1.7382545971844
0.582244844912585 1.78145850146455
0.549482062330221 1.82004065701466
0.511186239140753 1.85313923360831
0.468295762417929 1.88001937358761
0.421818846088115 1.90007002034852
0.37282981432245 1.91280392350877
0.32246719798043 1.91786111777914
0.271932985021919 1.9150163575033
0.222492324211609 1.90419124425014
0.175472772123018 1.8854721221721
0.132261710600973 1.85913524670157
0.0942996769594946 1.82568124549657
0.0630657332955873 1.78588139208231
0.0400481193090826 1.74083836427917
0.0266884579989362 1.6920629727278
0.0242798263154038 1.64156323792942
0.0337887110477409 1.59192723237615
0.0555664536448134 1.54634578393554
0.0889472773889708 1.50845958867215
0.131854240472611 1.48187282385132
0.180737735220327 1.46931324731025
0.231156142342071 1.47182756473625
0.27878946171643 1.48860361748258
0.320237952296243 1.51749494736829
0.353267172944089 1.55575555193955
0.376665290522012 1.60057830251944
0.389982893775834 1.64936941675934
0.393298193686356 1.69984726353569
0.387043749835132 1.75005400170305
0.371888380318144 1.79833228001267
0.348659157877326 1.84329201444628
0.318290403192431 1.88377776100203
0.281790374477705 1.91884049070084
0.240219479912086 1.94771473041691
0.194675999281365 1.9698009498113
0.146286696904622 1.98465275360447
0.0962005809095558 1.99196843429568
0.0455845925664066 1.99158656237219
-0.0043796934678163 1.98348546198067
-0.0524991489365318 1.96778661292951
-0.0975727591218717 1.94476222879263
-0.138396854817088 1.91484748616213
-0.173773256971995 1.87865811671628
-0.202522349230097 1.83701429300101
-0.223504229473894 1.79097184815453
-0.23565297378409 1.74186161904991
-0.238032068056945 1.69133646649272
-0.229923584587913 1.64142183147897
-0.21096925348571 1.59455632431266
-0.181384174499263 1.55358793905681
-0.142248713911264 1.52165306739764
-0.0958166156103603 1.50182289163837
-0.0456307111406149 1.49643859956599
0.0038652948103717 1.50631681133691
0.0482582410679565 1.53035823918514
0.0841154038159718 1.56592708805961
0.109388197114636 1.60968171445577
0.123271444693247 1.65828704756546
0.125850876949722 1.70878687401612
0.117775615773307 1.75871665243068
0.100024912018386 1.80608878526828
0.0737595086783899 1.8493336652844
0.0402315120123338 1.88723448087385
0.0007309867167225 1.91886952907514
-0.0434452786603171 1.94356539262658
-0.091011843382837 1.96086053939135
-0.140704967006563 1.97047782935437
-0.191288541301752 1.97230435372167
-0.241557646276 1.96637729137024
-0.290341060309846 1.95287479188052
-0.336503669488905 1.93211119634755
-0.378949549709493 1.90453616675758
-0.416626479925899 1.87073751265382
-0.448532769112018 1.83144768306452
-0.47372755886804 1.78755402618623
-0.491346247149776 1.74011298055099
-0.500623437642865 1.69036827076357
-0.500916906056485 1.63977306001795
-0.491777215584404 1.59001686816975
-0.47302848233354 1.54304148967167
-0.444852969685208 1.5010529518281
-0.407960301289041 1.46649622077119
-0.363794701185764 1.4419483561697
-0.31475763639143 1.42985441932091
-0.264319430171651 1.43202853635987
-0.216775993005696 1.44897146875293
-0.176478251669231 1.47936398219307
-0.146822361665306 1.52022586336017
-0.129648888560118 1.56772827366123
-0.125315594823936 1.61807602137359
-0.133137961729726 1.66802041776725
-0.151835998525641 1.7150054538609
-0.179847637030234 1.7571218758387
-0.215514522377483 1.7930004922506
-0.257182424507527 1.82170464415723
-0.303251855728419 1.8426408122382
-0.352201480404795 1.85548964500222
-0.402597277266014 1.86015449335329
-0.453094615366611 1.85672368419325
-0.502437163393893 1.84544325148949
-0.549423822872322 1.82662773524863
-0.592767952053238 1.80050180644668
-0.631083857245222 1.76744800878599
-0.662911921986044 1.72811777998951
-0.686753514719726 1.68350260813122
-0.70114149688996 1.63501810771171
-0.704769330619641 1.58458788362106
-0.696704275880186 1.53469012922535
-0.676689045752491 1.48829243750256
-0.645463119289562 1.44857794160516
-0.604922857820158 1.41843629496325
-0.557925276031397 1.39989208555112
-0.507759608383648 1.39378095752192
-0.457598573692624 1.39996976692067
-0.41053479038038 1.41835996995424
-0.36974799901516 1.4481757675823
-0.338033860545204 1.48750686368307
-0.317295866528825 1.53358936586421
-0.308332342442777 1.58333564913504
-0.310963507497397 1.63382906175942
-0.324329064978489 1.68260633762534
-0.347181132967985 1.72773723203366
-0.378097571382013 1.76778890390661
-0.415614111148821 1.80174825873062
-0.458297955277893 1.82894078052716
-0.504785060154989 1.84896042291467
-0.55381474237984 1.86153134201066
-0.604204080129395 1.86629449068104
-0.654707447771028 1.86298548806804
-0.703994254992588 1.85149479273302
-0.750647958636249 1.8318926347962
-0.793167703137656 1.80446367481607
-0.829975999537451 1.76975442253468
-0.859438628116179 1.72863703922142
-0.879907959181613 1.6823927720363
-0.889809402874846 1.63281458230735
-0.887803080239968 1.58231570239098
-0.873062949359758 1.53399733911415
-0.845695646835902 1.49156346124003
-0.807208003600313 1.45890677833561
-0.760708188500619 1.43928724141216
-0.710463480636638 1.43443094392419
-0.660914421713326 1.44417973281134
-0.615783160401221 1.46688798592575
-0.577707601730715 1.50012802907804
-0.548302832925547 1.54125937036822
-0.528384183959928 1.58774678606272
-0.518191091437919 1.63729498383648
-0.517561058451412 1.68788519387489
-0.526052447933195 1.73776820285761
-0.543027931710764 1.7854416223618
-0.567710463056575 1.82962399081018
-0.599220714395378 1.86923088906987
-0.636602123285279 1.90335490417596
-0.678837636671695 1.93124987125296
-0.724860866602428 1.95231930537694
-0.77356348406526 1.96610881229472
-0.823800125011099 1.97230231973588
-0.874391759284917 1.97072210548688
-0.924128319234788 1.96133277854106
-0.971771376796192 1.94424958633552
-1.0160578063301 1.91975167611775
-1.05570572552886 1.88830123286227
-1.08942467478121 1.85056973250197
-1.11593317085244 1.80747281212204
-1.1339887824014 1.76021523771465
-1.14243922355597 1.71034652534004
-1.14030821766555 1.65982439878927
-1.12693693433367 1.61107391378985
-1.10220688939468 1.56700790638666
-1.06685762037937 1.53093150412144
-1.02284306307898 1.50620189581286
-0.973509534295441 1.49554523870305
-0.923254212072635 1.50020748302328
-0.876599319708865 1.51949705916862
-0.837210949799085 1.55111276195662
-0.807444767265707 1.59194518830779
-0.788434750902284 1.63878488983266
-0.780407590254916 1.68871025006345
-0.782990226316894 1.73922351469447
-0.795436573072386 1.78825760566001
-0.816776855325846 1.83413367945497
-0.845911425982156 1.87550749380655
-0.8816686019349 1.91131948011082
-0.922840074737328 1.94075304309408
-0.968202539930273 1.96320154315821
-1.01653091102384 1.97824307453934
-1.06660645250636 1.98562188998359
-1.11722194748712 1.98523544829357
-1.16718530349839 1.9771263008723
-1.21532260627983 1.96147828743301
-1.26048144985514 1.93861674903526
-1.30153535045868 1.9090126836311
-1.33739018008188 1.87329096601836
-1.36699385569446 1.83224292440123
-1.38935105457821 1.78684368162104
-1.40354560717103 1.73827465103625
-1.40877462366469 1.68795122918241
-1.40440057695016 1.63755459479607
-1.39003068318282 1.58906359123804
-1.36563664755953 1.54477579840896
-1.33172962839668 1.50729213593055
-1.28959586157317 1.47941179019605
-1.24155431891652 1.46384803599532
-1.19108854041577 1.46267796528045
-1.14257788561003 1.47660198694263
-1.10046988998152 1.50443411640855
-1.06825620481963 1.54331607135207
-1.04791193098697 1.58955422827739
-1.03998861357266 1.63946729105731
-1.04402992910397 1.68986220138077
-1.05898194712629 1.7381728497512
-1.08348219625776 1.78242654030332
-1.11603534672892 1.82115441823975
-1.1551122899552 1.8532985954771
-1.19920343177103 1.87813339955204
-1.24684606915167 1.89520359909297
-1.2966375429569 1.9042776709943
-1.34724083329089 1.90531318593494
-1.39738638722639 1.89843165343283
-1.44587237238415 1.88390073147867
-1.49156468572353 1.8621222531038
-1.53337961967052 1.83360104418391
-1.57014008017918 1.79881474653034
-1.60057599017371 1.75838677147337
-1.62339452747424 1.71322829608602
-1.63734186117321 1.66460217496821
-1.64130894420522 1.61418193102298
-1.63449637230243 1.56407846211973
-1.61663648242651 1.51678481891857
-1.5882247851065 1.47498011538848
-1.55064868743416 1.44117742498441
-1.50609047431278 1.41731311744141
-1.45716701697043 1.40461395781453
-1.40664063263122 1.4043570122425
-1.35782155622086 1.41732181016007
-1.31438582311304 1.44308670150595
-1.2797233485438 1.47981787356757
-1.25624610204924 1.52454650386514
-1.24505766357596 1.57382484688751
-1.24608538284922 1.62436456549074
-1.25844614991469 1.67339649588158
-1.28080375566604 1.71876595271997
-1.31162173097353 1.75888544325897
-1.34931498870691 1.79264028429506
-1.39233178211789 1.81929358188427
-1.43919406720406 1.83840640593582
-1.48851482930653 1.8497754830639
-1.53900404780392 1.85335546717702
-1.5894303129914 1.84900687675529
-1.63850071272552 1.83661862895205
-1.68482748011621 1.8162530252421
-1.7269286921263 1.78818447332171
-1.76323601216472 1.75295094043167
-1.79211647219325 1.71142259081811
-1.81192112081005 1.66489022327889
-1.82108263491342 1.61517063015078
-1.8182958589347 1.56470918088104
-1.80281928439802 1.51662056400111
-1.77489667240178 1.47454471369702
-1.73616165296356 1.44216645277312
-1.68970110589564 1.42241472241132
-1.63952459860116 1.41673435040329
-1.58967589609095 1.42492113103215
-1.54353263731018 1.44553198281539
-1.50354863722854 1.47646986703149
-1.47138603557793 1.51548836580406
-1.44838832144912 1.56052543879931
-1.43535657463968 1.60939341772103
-1.43243603174234 1.65989306231235
-1.43923895121857 1.71002619578645
-1.45501089906685 1.75810599780263
-1.47878202450441 1.80278341130355
-1.50948088369204 1.84302422090376
-1.54606932698957 1.87799963306545
-1.58758636503612 1.90695540531359
-1.63302357069217 1.9292626937006
-1.68131764834747 1.94442313441077
-1.73135425828982 1.95206808948045
-1.78197039615843 1.95196148734994
-1.83195602969008 1.94400663343714
-1.88005575085969 1.92825760533367
-1.92497142501343 1.90493614649599
-1.96536728864443 1.8744553342596
-1.99987981693803 1.83745169780829
-2.02713622476942 1.79482778761425
-2.04578813912939 1.74780710098377
-2.05457146066776 1.69800179661069
-2.05241034557758 1.64748840931574
-2.03859167923518 1.59887253481815
-2.01303864489941 1.55529115708666
-1.97668126714737 1.52024633384812
-1.93180807511065 1.49712667866446
-1.8820966639344 1.48839844337621
-1.83202833629094 1.49483074686994
-1.78587901478318 1.51533383867655
-1.7469249689077 1.54750554567435
-1.71721561197832 1.5883948721065
-1.6977460690572 1.6350565260022
-1.68874469065898 1.6848236725062
-1.68992527548646 1.73539546333035
-1.70066881868302 1.78483565844406
-1.72014445165312 1.83153811961484
-1.7473873895105 1.87418499699292
-1.7813486269616 1.91170784412064
-1.82092656004544 1.94325492591959
-1.86498713366035 1.96816517881082
-1.91237671901104 1.98594830723969
-1.96193041384786 1.99627028191856
-2.0124775328664 1.99894357765815
-2.0628455061088 1.99392166155393
-2.1118631001708 1.98129744234985
-2.15836374879764 1.9613055953268
-2.20118979575219 1.93432887955469
-2.2391986171073 1.90090876550811
-2.2712719403244 1.86176088331889
-2.29633029536809 1.8177959533623
-2.31335556181939 1.77014687896793
-2.32142624118453 1.7202023309956
-2.3197726897488 1.66964587504037
-2.30786333414285 1.62049620714747
-2.28553736480568 1.57513566585173
-2.25320105321967 1.53629599407158
-2.21209126036125 1.50693723244487
-2.16455175180294 1.48991753521965
-2.11413877993211 1.48737655656463
-2.06526454987252 1.49997571699591
-2.02230243138093 1.52648417594202
-1.98862412048459 1.56411714099663
-1.96616241555048 1.60937465496647
-1.95555181780836 1.65879414935231
-1.95650906783653 1.70934796885799
-1.96818920954674 1.75855720956878
-1.98943625969644 1.80446584966885
-2.01893928633839 1.84556860877238
-2.05532408666883 1.88073465256676
-2.0972053563432 1.90914165925499
-2.14321566792624 1.9302231827352
-2.19202113182495 1.9436282234382
-2.24232956064877 1.94919092710094
-2.29289457179329 1.94690840978064
-2.342517698433 1.93692508670518
-2.3900498174594 1.91952229075282
-2.43439279968453 1.89511232177281
-2.47450210847858 1.86423635677679
-2.50939105060508 1.82756587924208
-2.53813749298278 1.7859074597805
-2.5598941089536 1.74021083655957
-2.57390364429122 1.69158027672109
-2.57952136570897 1.64128908101288
-2.57624787644974 1.59079666629726
-2.56377697688538 1.54176658645322
-2.54206526426549 1.49608142529333
-2.51143235099248 1.45584530869946
-2.47270113437823 1.42335432724971
-2.42738050170106 1.40099623652682
-2.37786310092092 1.39101473322878
-2.32753473683371 1.39506621986083
-2.28058149108729 1.41359042211423
-2.24130012329468 1.44528366510438
-2.21310149593818 1.48715890113119
-2.19782861903686 1.53529983564887
-2.19576251462483 1.58578582693717
-2.20607055195414 1.63527217797849
-2.22729604181331 1.68116673269073
-2.25770715527267 1.72158103785323
-2.295501040179 1.75520840134369
-2.33891024789849 1.78120093944541
-2.38625307318591 1.79906831788563
-2.43595416254673 1.80860056428016
-2.48655023085775 1.80981115974766
-2.53668885404395 1.80289574798728
-2.58512454327214 1.78820250421455
-2.63071432363525 1.76621116770715
-2.67241402416036 1.73751857371024
-2.70927599016058 1.70282915339659
-2.74044872049666 1.66294932640901
-2.76517889459073 1.61878502647226
-2.78281633418392 1.57134180530034
-2.79282262714364 1.52172706575647
-2.79478443393125 1.47115397186443
-2.78843292896865 1.42094642736352
-2.77367143894421 1.37254410579646
-2.75061416287083 1.32750564959438
-2.71963986541541 1.28750643682133
-2.68146535298091 1.2543240035568
-2.63724335028021 1.22979804556273
-2.58868505170805 1.21574122604206
-2.53819148541946 1.21376154107805
-2.48893544424581 1.22494600385781
-2.44475789284356 1.24938771131365
-2.40968788267504 1.28568793906573
-2.38706066838518 1.33080546362685
-2.37866161326847 1.38058933399807
-2.38448897184215 1.43076105436553
-2.4031798044007 1.47770877149446
-2.43264329318628 1.5187859598614
-2.47054897270533 1.55225552997715
-2.51460311609254 1.5771062146511
-2.56267495544766 1.59286720728291
-2.61284066659433 1.59946083635285
-2.66338837972626 1.59709549884326
-2.71280706435219 1.58619058719664
-2.75977031331609 1.567324539956
-2.80312002927878 1.54119904736927
-2.84185213722562 1.50861445283879
-2.87510380643671 1.47045193235097
-2.90202427553231 1.42759176659845
-2.92162754567547 1.38093511916786
-2.932955704561 1.3316188131286
-2.9351552407205 1.28107450171686
-2.92756926690317 1.23106459070155
-2.90987375348478 1.18369129399641
-2.88225874199539 1.1413412756165
-2.84562455474592 1.10651438706204
-2.80170768262389 1.08150387623871
-2.75301204793908 1.06798299989273
-2.7024858718088 1.06667299407943
-2.65305696845392 1.07727473606223
-2.6074318176747 1.09902895182301
-2.56851498348892 1.13125945976719
-2.53920062988248 1.17240271212348
-2.52182073955593 1.21983233791942
-2.51760836320583 1.2701748429407
-2.52647565069328 1.31992138488681
-2.54722264944503 1.36601353240292
-2.57797720776122 1.40614646300922
-2.61660625058311 1.4387912013246
-2.66098529634108 1.46307155061407
-2.70913679458844 1.4786086295292
-2.7592845422372 1.48538482428072
-2.80986381868384 1.4836398737223
-2.85951140068905 1.4737961049745
-2.90702312550701 1.45634534562053
-2.95118800110126 1.43162546938205
-2.99075219704842 1.40006739025977
-3.02444242221078 1.3623085588962
-3.05098342443066 1.31923045125942
-3.0691287786558 1.2720064240184
-3.07771409840788 1.22216018522929
-3.07574728861956 1.17163097935523
-3.06255721489044 1.12283061651455
-3.03802488258697 1.07865286449769
-3.00290126352873 1.04235253230361
-2.9591350641819 1.01717300585173
-2.90998107057381 1.00566826819973
-2.85960227500987 1.00895207392611
-2.8122038431828 1.02637939636998
-2.77120523347419 1.05590079131231
-2.73888408497694 1.09475712596094
-2.7164540332808 1.14006891695315
-2.70432894333867 1.18916697096922
-2.70263061487652 1.23971475013922
-2.71123277226607 1.28955881692819
-2.72946368395833 1.33674703738731
-2.75624486130402 1.37967266876651
-2.79026960150615 1.41712791439075
-2.83015058075459 1.44828495796921
-2.87452108932846 1.4726383650997
-2.92212612848919 1.48983734096883
-2.97179872137632 1.49957261332544
-3.02237325943369 1.50167090250723
-3.07268360364524 1.49609865024241
-3.12156625007184 1.48296051298116
-3.16785631951158 1.46248714704314
-3.21029526568546 1.43491369036476
-3.24749869979964 1.40061221975948
-3.2780231432203 1.36026141411774
-3.30044902070236 1.3149160197866
-3.3135145307379 1.26605250173848
-3.31629746432452 1.21555513844055
-3.30840801468004 1.16560367437799
-3.2900909603531 1.11846902848199
-3.26181665598191 1.07656112761958
-3.22440000012694 1.04259312966778
-3.17955486516753 1.01934030608403
-3.13008637408521 1.00920065982335
-3.07978709236805 1.01354974191354
-3.03285840199869 1.03217491309916
-2.99303046423366 1.0632289185016
-2.96290016199628 1.10378465523016
-2.94379335634947 1.15057723077614
-2.93600137703585 1.20053380063416
-2.93911264588273 1.25101279112297
-2.95228787905495 1.29985291583963
-2.97444816238438 1.34533650180311
-3.00439255803486 1.38612699038211
-3.04086851334901 1.42120661160814
-3.08261298973096 1.44982302391167
-3.12837602697679 1.47144650841147
-3.17694335803983 1.48569826575719
-3.22715142785785 1.4920722431706
-3.27771724971069 1.49006186411833
-3.32716208365699 1.47931568248969
-3.37379566641201 1.45970099720749
-3.41571282510439 1.43139337359278
-3.45082007284703 1.39499900327043
-3.47692453416984 1.35170827406314
-3.49193348791532 1.3034528616037
-3.49420714599501 1.25298368422075
-3.48302927819532 1.20372541209244
-3.45899341329253 1.1593007134353
-3.42401276641345 1.12285150266925
-3.38088349471481 1.09651575008883
-3.3326760543208 1.08130301393425
-3.28226387197682 1.07753176879319
-3.23237495059732 1.08565385273826
-3.18586277746168 1.10543523210424
-3.14536816947167 1.13568914181267
-3.1129388053226 1.17447507411466
-3.08984579913327 1.21946233841218
-3.07661761032535 1.26828142450701
-3.07319712393326 1.3187555124269
-3.07912168453926 1.36900619097452
-3.09367354132129 1.41747497401926
-3.11598828924829 1.46290234964897
-3.14513125277687 1.50428775837695
-3.18025713698658 1.54073253669571
-3.2205826983265 1.57132276575799
-3.26520220912021 1.59521445126364
-3.31306923196078 1.61165186561577
-3.36298547232179 1.61998543763912
-3.41358712117572 1.61969782232398
-3.46332971321324 1.61044166129248
-3.51047400692186 1.59209410133345
-3.55307857704253 1.56483507223309
-3.58901134967797 1.52925790720393
-3.61600487785944 1.48651930124662
-3.63180104839051 1.43852258560037
-3.63445344892826 1.38808572044347
-3.62283870570262 1.33895455332881
-3.59727812099787 1.29543263526878
-3.55988394710443 1.26153030940758
-3.5142095619962 1.24001056975477
-3.46434316597465 1.23195919220941
-3.41406295335704 1.23702229997592
-3.36642067468913 1.25393072035285
-3.32368228003356 1.28096179877071
-3.28743036486168 1.31623609029268
-3.25870219958307 1.35787887141514
-3.23811295054091 1.40409843850339
-3.22595216023687 1.45321922162282
-3.22225537455355 1.50369209296588
-3.22685610649326 1.55409395710503
-3.23942310468212 1.60312291708819
-3.25948682904763 1.64959224724847
-3.28645798516258 1.69242483580002
-3.31964014000125 1.73064898500844
-3.35823783917227 1.76339610264562
-3.40136122532818 1.78990069688039
-3.44802787708854 1.80950310646534
-3.49716242047814 1.82165552085977
-3.54759440379709 1.82593206372864
-3.59805499154223 1.82204404171314
-3.64717328291526 1.80986192662083
-3.69347362347142 1.78944627613769
-3.73537640660478 1.76109061417713
-3.77120703109252 1.72538018057724
-3.79922174384206 1.68327094047892
-3.81766639075353 1.63619177392299
-3.8248959510057 1.58616513693749
-3.8195971915742 1.53591811864804
-3.8011571975658 1.48890213928919
-3.77015509010407 1.44906053264952
-3.72876081433134 1.42018258014131
-3.68063251714228 1.40496640869425
-3.63014283139909 1.40435195635577
-3.58139003057901 1.4175816297431
-3.53758582897844 1.44278616118357
-3.50093198662751 1.4776065273535
-3.47276370885462 1.51960675309778
-3.45375676422199 1.56648302511785
-3.44410903427654 1.61614672388356
-3.443676672614 1.66674397205361
-3.45207012483596 1.71664753564664
-3.46872024762807 1.76443886860767
-3.49292348607256 1.80888843755541
-3.52387268149202 1.84893777782563
-3.56067804097062 1.88368458579476
-3.60238133108459 1.91237123106814
-3.64796536940307 1.93437672788983
-3.6963602444326 1.94921213253678
-3.74644729307356 1.95651939314845
-3.79706163700775 1.95607381085267
-3.84699399159857 1.94779045537653
-3.89499250890548 1.93173511278263
-3.93976562948733 1.90814063354747
-3.97998737020845 1.87742989824205
-4.01430731236373 1.84024700170744
-4.04136903602553 1.79749856888704
-4.05984330835013 1.75040702759649
-4.06848661871121 1.70057628122098
-4.06624228153927 1.65006531850718
-4.05240954241297 1.60145189972152
-4.02690892151585 1.55783787104972
-3.99064457848935 1.52269447783832
-3.94585800774413 1.49940538623654
-3.89618286601199 1.49047422316182
-3.84609399222904 1.4967336391722
-3.7999040886352 1.51714036151575
-3.76094004651007 1.54929689776081
-3.73128711340751 1.59022507923637
-3.71195337744638 1.6369416942471
-3.70316222488834 1.68674532059662
-3.70461206551168 1.73730927370915
-3.71566387388956 1.78668080484993
-3.7354657318017 1.83324532593967
-3.76303278168799 1.8756829333234
-3.79729795126519 1.91292800507315
-3.83714405384155 1.9441352741385
-3.88142412252026 1.96865282673451
-3.92897433018074 1.98600145808559
-3.97862227043399 1.99585959444141
-4.02919241203338 1.99805306984471
-4.07950996877389 1.9925492273787
-4.12840411189484 1.97945502111094
-4.17471131631087 1.95901900211467
-4.21727964245515 1.93163727514569
-4.25497491325121 1.89786371152933
-4.28669008611144 1.85842489119807
-4.31135972087751 1.81424039144987
-4.32798244337033 1.76644905219803
-4.33565591680556 1.7164415008514
-4.33363135119955 1.6658979763559
-4.32139823594134 1.61682712990939
-4.29881431620617 1.57159341143378
-4.26629755855472 1.53290318021399
-4.22508424497241 1.50368770373088
-4.17750240766202 1.48678327863366
-4.12708460231069 1.48432838467377
-4.07823118640129 1.49700655860514
-4.03532990924065 1.52361111636948
-4.00178107610848 1.56135748293574
-3.97953598666333 1.60672018663324
-3.96922681293412 1.65620213283141
-3.97055147200834 1.70674663494811
-3.98263816498285 1.7558567725875
-4.00430249884891 1.80156928074529
-4.03420714815883 1.84238015389223
-4.07095512649333 1.87716593993424
-4.11314245538897 1.90511583506304
-4.15938711853308 1.92567758267995
-4.20834448336433 1.93851599666324
-4.25871516459097 1.94348191670728
-4.30924883557292 1.94058949919544
-4.35874608751694 1.93000014962343
-4.40605965474411 1.9120118299067
-4.45009591160396 1.88705284275271
-4.48981736287836 1.8556794925395
-4.52424682434696 1.81857725483709
-4.55247409729826 1.77656526207982
-4.57366618610112 1.73060402789697
-4.58708252654895 1.68180636251277
-4.59209735086277 1.63145130912954
-4.58823231219622 1.58100050295447
-4.57520394352054 1.53211529077636
-4.55299247863412 1.48667056356243
-4.52194066838928 1.44675618450813
-4.4828917368592 1.41464671093965
-4.43736877177579 1.39270169491233
-4.38776901202686 1.38313333928535
-4.33747245176755 1.3875702322599
-4.29065471037007 1.40643492261036
-4.25160708026975 1.43841502516278
-4.22374047214777 1.48051079755734
-4.20889130032844 1.52878291822122
-4.20731862746983 1.57928562382803
-4.21815597634362 1.62865784725546
-4.23990939941918 1.6743037491369
-4.27081276332124 1.71434220044654
-4.30903480803613 1.74748142650173
-4.35278626180101 1.77289297122162
-4.400369809707 1.79010820662816
-4.4501999678974 1.79893967574407
-4.50080802658953 1.79942325897237
-4.55084015488584 1.79177631192863
-4.5990529074183 1.77636768134882
-4.644308353557 1.75369651260113
-4.68557002114467 1.7243776256789
-4.7219003482671 1.68913188932037
-4.75246012902352 1.64878049051275
-4.77651040313248 1.60424231898344
-4.79341732029511 1.55653389373615
-4.80266069200359 1.50677136451675
-4.80384723389328 1.45617411587658
-4.79672992686063 1.4060693423999
-4.78123552279884 1.35789655152796
-4.75750302252181 1.31321008386821
-4.7259369258267 1.27367602995257
-4.68727992020088 1.24105664349461
-4.64270941939664 1.21716927397755
-4.59395798378171 1.20379634097556
-4.54344164390994 1.20250774884037
-4.49433832689786 1.21434651235811
-4.45048181885329 1.23936029044085
-4.41588203532621 1.27610897153452
-4.39384503835631 1.32151726120077
-4.3861171107508 1.37140905655211
-4.39264844424827 1.42149328224427
-4.41202506798778 1.4681614441983
-4.44211009381108 1.50878496821534
-4.48053676006399 1.54165443382088
-4.52498583781209 1.56579092597504
-4.57331076186953 1.58075708470039
-4.62357987824425 1.58650767055348
-4.67407978067062 1.58328141680036
-4.72330281640761 1.57152548218338
-4.76992980820921 1.55184335256413
-4.81281294887998 1.52495905562631
-4.85096093307681 1.4916926356902
-4.88352708709643 1.45294343192299
-4.9098007173116 1.40967881185994
-4.92920172311876 1.36292674863564
-4.94127852422569 1.31377110298487
-4.94570945153745 1.26334875556751
-4.94230791312695 1.21284787457188
-4.93103186461427 1.1635066113435
-4.91199839208125 1.11661137558717
-4.88550456326023 1.07349349404207
-4.85205611313738 1.0355223835488
-4.81240594376648 1.00409215125204
-4.76760462002366 0.980596388486265
-4.71906440677757 0.966382240259989
-4.66863527557566 0.96266883947627
-4.61868181014923 0.970406732449659
-4.57212628589081 0.990047712589533
-4.53237608946287 1.02120558466474
-4.50299617167533 1.06226131628118
-4.48701922245635 1.11013847253687
-4.48607570757351 1.16060425025438
-4.49990673568885 1.20916299895382
-4.52663906132691 1.25202171626585
-4.56352076136679 1.28656850562995
-4.60758948842921 1.31134013530975
-4.65605846507791 1.32576274588391
-4.70647205240406 1.32987977088971
-4.7567364410546 1.32414203291476
-4.80509758422857 1.3092636502084
-4.85010275124092 1.28612771937966
-4.89056126319899 1.25572565711796
-4.92551008222016 1.21911836563626
-4.95418572251569 1.17741135620008
-4.97600235118155 1.13173877626763
-4.99053545866775 1.08325310425644
-4.99751044040452 1.03311840746523
-4.99679383807795 0.982505880025266
-4.9882641237248 0.93261633522918
-4.97175315419611 0.884777892943021
-4.94731419231893 0.840469663370976
-4.91532448380269 0.801271680638665
-4.87656044687428 0.768766719183782
-4.83223661612901 0.744391022038751
-4.78397187499773 0.729255272237693
-4.73366361374628 0.723987582836129
-4.68330517204416 0.728738962817614
-4.63500934590358 0.743733339782796
-4.59121742349846 0.768992621906057
-4.55468346046496 0.803909090604377
-4.52829035278637 0.846981470205165
-4.51463611863228 0.89559740627195
-4.5153866251985 0.946078107457738
-4.53065737379276 0.994201539953207
-4.55888121175098 1.03608059884046
-4.59730485084069 1.06888384688316
-4.64273032649901 1.0910421419352
-4.69207640257092 1.10205189390345
-4.7426500955246 1.102154525839
-4.79221753166234 1.09205829768099
-4.83897969945586 1.07274329511864
-4.88151645948828 1.04533707372135
-4.91872745928494 1.01103880552516
-4.94978029917633 0.971074040913563
-4.97403786823898 0.926653451017958
-4.99070961249333 0.87887155551296
-4.99890353019212 0.828939603332557
-4.99784968771628 0.778359433061895
-4.98699840114225 0.728956367055059
-4.96615959065976 0.682880929364548
-4.93568506281502 0.642542194302889
-4.89666034462963 0.610420625843631
-4.85101556321631 0.588730127211301
-4.8014276655696 0.578993106299407
-4.7509608645245 0.581716844082678
-4.70257622347864 0.596355895578398
-4.6587408237159 0.621557269824679
-4.62127973268849 0.655533380395816
-4.59192234489686 0.69670133671771
-4.57265655960881 0.743435591040949
-4.5651509913896 0.793412176887445
-4.57034790135228 0.843673163403649
-4.5881209788322 0.890972280348339
-4.61719569064707 0.932305430679042
-4.65541988863364 0.965379286542447
-4.70022479390492 0.98880749532423
-4.7490370612441 1.00203859807945
-4.79952623775625 1.00515543337401
-4.84970342440265 0.998667042448531
-4.89793078399625 0.983344895749341
-4.94289086287821 0.960109543217088
-4.98351539298101 0.929922894728776
-5.01867961082983 0.893527074511774
-5.04716836428783 0.851705622954125
-5.06778401019576 0.805500040664156
-5.07938911003058 0.7562617183861
-5.08097690870373 0.705710133330206
-5.07178726666484 0.655989502813497
-5.05148929196964 0.609698246709267
-5.02044447060013 0.569833931256682
-4.98001831920606 0.539556058800684
-4.93279610707644 0.521675910107578
-4.88244275268879 0.517950561654742
-4.8330685509675 0.528555114343543
-4.78838569610821 0.552123240388737
-4.75114580492612 0.586287350156171
-4.72303208479894 0.628304584578602
-4.70483330958762 0.675486920461676
-4.69671011543549 0.725411387854838
-4.69882497923119 0.775944808085132
-4.71127049450262 0.824965250305797
-4.73353439995389 0.870378369176638
-4.76453129157772 0.910349240587163
-4.80276689144706 0.943472724938013
-4.84654628612483 0.968834611997808
-4.89415605085825 0.985978134440726
-4.94398660792798 0.994819911110677
-4.99459601821751 0.995554936997277
-5.0447202294457 0.98850748264831
-5.09317410388716 0.973870641466593
-5.13877648589325 0.951909488722023
-5.18035117736802 0.923044212044865
-5.2167341437344 0.887863919311394
-5.24678473554957 0.847145889863606
-5.26940339276497 0.8018810940871
-5.28355969120267 0.753306716280789
-5.28833683519392 0.70294571723479
-5.28300214918802 0.652651249853148
-5.26711782570533 0.604647944850318
-5.24071048833828 0.56154860184492
-5.20451439167666 0.526297461675877
-5.16026903828938 0.501949309382824
-5.11095051671577 0.491174212805258
-5.06066507430755 0.495501325401318
-5.01396653775258 0.514659669125621
-4.97482789340526 0.546560995471047
-4.94591645062325 0.587984947481378
-4.92849986243829 0.635426544918077
-4.92275276044203 0.685655088223497
-4.92813368520356 0.735939231089611
-4.94367932276992 0.784074079192864
-4.96819759526265 0.828327887371924
-5.00038487273115 0.867369305720482
-5.03889451006752 0.900199305431164
-5.08237606440361 0.926094828504472
-5.12949732434335 0.9445646228887
-5.17895642322523 0.955315671856901
-5.229488356796 0.958228298387878
-5.27986850456543 0.953338266741392
-5.32891477386796 0.940824577848478
-5.37548944656025 0.921002014656057
-5.41850154017944 0.894317799038262
-5.45691040853164 0.861351971109756
-5.48973136200877 0.822821300726543
-5.51604428214937 0.779586690501105
-5.53500656576845 0.732664114715505
-5.54587232223465 0.683239110858286
-5.54802066235394 0.632684583490615
-5.54099729371897 0.582580934041504
-5.52457559850064 0.534735737803024
-5.49884581639562 0.49119620032646
-5.46434284801879 0.454239240062703
-5.422220487424 0.426307839898284
-5.3744609540912 0.409836314091764
-5.32405005841173 0.406884743811875
-5.27493729729883 0.418546576661782
-5.23153643478632 0.444308482581471
-5.19777256467832 0.481833090645607
-5.17619826751284 0.527490194533699
-5.16773781702856 0.577297400548263
-5.17201369143467 0.627658290839502
-5.18784521344687 0.675675702241334
-5.21364978228985 0.719171291746174
-5.24769414786471 0.756585707997112
-5.2882325136633 0.786857173915888
-5.33357601996518 0.809315032454883
-5.38212447990797 0.823596242590545
-5.43237847928871 0.829582864355082
-5.48294179878032 0.827356261329118
-5.53251950617223 0.817163983562228
-5.57991458422756 0.799396144044421
-5.62402465970673 0.774568940753267
-5.66383974155291 0.743313647539475
-5.69844157294037 0.706369894432717
-5.72700510512439 0.66458241178847
-5.74880264045085 0.618900652672853
-5.7632113416901 0.570380850525898
-5.7697250679927 0.52019011142962
-5.76797189889215 0.469612050079216
-5.75773928886431 0.420053174671636
-5.73900960420947 0.373048537622483
-5.71200984568616 0.330263756820488
-5.67728050323515 0.293487725842404
-5.63576901901755 0.264605003552535
-5.58895096007499 0.245527231190659
-5.53897051520663 0.238047639870062
-5.4887580174416 0.243566712496055
-5.44201050079396 0.262649211161632
-5.40284110528392 0.294485053166164
-5.37498245678833 0.336571274826254
-5.3608392701146 0.38503185616435
-5.36102217795074 0.435534372997943
-5.37460837004195 0.484199238002438
-5.39975413792394 0.528047121126891
-5.43423581373662 0.565029273334085
-5.47578234149512 0.59387206715456
-5.52223956583731 0.613892044037549
-5.57163612248097 0.624840462354482
-5.62220021813793 0.626787339368039
-5.67235463192886 0.620038982176752
-5.72070358656539 0.60508041125031
-5.76601790873724 0.582535427408477
-5.80722134653303 0.553139010709408
-5.84337924515402 0.517718353364585
-5.87369004457796 0.477179993039195
-5.89747977922363 0.432501305257511
-5.91419970237302 0.384725134064926
-5.92342722220097 0.334956665310886
-5.92487047797622 0.284361823880915
-5.9183770920718 0.234166523453733
-5.90394791039536 0.185656003816023
-5.88175690242349 0.140173207492386
-5.85217883779537 0.0991145676484562
-5.8158268573538 0.0639204996415362
-5.77360245948684 0.0360559445639027
-5.72676023660689 0.0169728940700097
-5.67698755948742 0.0080410628596841
-5.62649191596856 0.0104241393067601
-5.57806845551832 0.0248694972258111
-5.53507664786407 0.0513821743892347
-5.50119108943119 0.0888090112292022
-5.47978588933142 0.134518404884524
-5.47304548555398 0.184538882582703
-5.48131758489643 0.23434297299353
-5.50320335884896 0.279863098829185
-5.53622339611706 0.318112787510961
-5.57752144065422 0.34726489743598
-5.62431266838943 0.366437451794029
-5.6740868879253 0.375427046257844
-5.72466752471905 0.374490321761406
-5.77420468654836 0.364189063156082
-5.82114443204032 0.345286653350294
-5.86419331230479 0.318680376039233
-5.90228574703936 0.285357430446731
-5.93455668139851 0.246366348692178
-5.96031989434688 0.202798385504055
-5.9790515991616 0.15577536880723
-5.99037881487034 0.10644171735168
-5.99407205414666 0.0559590824235734
-5.99004202666629 0.0055025155077086
-5.97834024242926 -0.0437427001835633
-5.95916359990657 -0.0905843388141065
-5.9328632566715 -0.133827493117522
-5.89995830496961 -0.172280890635683
-5.86115500014711 -0.204766804065518
-5.81737247035698 -0.23013689165669
-5.76977583858007 -0.247297639805209
-5.71981716907042 -0.255251263841279
-5.6692827756204 -0.253161349013933
-5.62034028813677 -0.240457380886444
-5.57556650412373 -0.216997405959977
-5.53791101803716 -0.183306838286849
-5.51050800878687 -0.140883347211072
-5.49621927559888 -0.0924644012993539
-5.49688960051279 -0.041997308116817
-5.51262708456939 0.0059612243422933
-5.54166963920959 0.0472633836598819
-5.58099025682791 0.0789729591791526
-5.62714711782377 0.0995496825566586
-5.67688706790588 0.108589678590158
-5.72741214788175 0.10645747857118
-5.77643221377138 0.0939846790770711
-5.82212471964107 0.0722667598455663
-5.86306800664807 0.0425372407129739
-5.89817574833938 0.0060927103268238
-5.926641455375 -0.0357509656625574
-5.94789441140748 -0.0816838747959266
-5.96156588251186 -0.130416396648506
-5.96746388554756 -0.180687253506357
-5.96555493390739 -0.231268062475745
-5.95595150296153 -0.28096613232304
-5.93890429447562 -0.328626663194741
-5.91479867647856 -0.373135206447045
-5.88415492422409 -0.413421130140933
-5.84763209297496 -0.448462870474545
-5.80603551573705 -0.477295924478856
-5.76032802667934 -0.499024880463488
-5.71164502192834 -0.51284135000363
-5.66131327912267 -0.518050559726753
-5.61087282786719 -0.514110726888831
-5.56209957646381 -0.500691332601958
-5.51702276542523 -0.477759006192713
-5.4779234944487 -0.445702127508041
-5.44728503229236 -0.405503923710885
-5.42763949499897 -0.358958090559885
-5.42122887306404 -0.308867710770107
-5.4294278804244 -0.259058587085682
-5.45207213889204 -0.213952674874041
-5.48714575424079 -0.177650948997201
-5.53121396247863 -0.152996715168566
-5.58034088144148 -0.141219843512387
-5.63087192303088 -0.142195808665016
-5.67980116041905 -0.154927907430177
-5.72482600175071 -0.177958365748376
-5.76426429688725 -0.209634818020654
-5.79693947673859 -0.248261113756535
-5.82207585565485 -0.29217583371532
-5.83921493831792 -0.339790114407599
-5.84815204797539 -0.389603793340496
-5.84888953590692 -0.440210516697702
-5.84160274042008 -0.490297612797115
-5.82661557791424 -0.538643888466414
-5.80438343414992 -0.584117097862556
-5.77548167725964 -0.625672106930494
-5.74059860895373 -0.662350429058434
-5.70053202910371 -0.693281681278484
-5.65618883825653 -0.717687529300365
-5.60858725910063 -0.734888824428184
-5.55886132022929 -0.744316887133805
-5.50826718533629 -0.74553028530095
-5.45819065367634 -0.738239034361988
-5.41015454342968 -0.722338967813096
-5.36582337629399 -0.697960124456698
-5.32700018222397 -0.665534271592286
-5.29560518520252 -0.625887543708757
-5.27361677719423 -0.580362588744032
-5.26293980289617 -0.530964838588983
-5.26514822681309 -0.480496617888929
-5.28105422091586 -0.432573555973033
-5.31015400135844 -0.391329836595852
-5.3502427446946 -0.360666912013664
-5.39763655903616 -0.343284320564699
-5.4480385126039 -0.340120705161124
-5.49747941659922 -0.350526600525806
-5.54282963877834 -0.372846120240941
-5.58187724638859 -0.404968317487147
-5.61319534964784 -0.444681133587263
-5.63596450917766 -0.489853792377704
-5.64981784555092 -0.538515057573835
-5.65472331494104 -0.588877864806271
-5.65089899432838 -0.639339209069041
-5.63875343234859 -0.688470055511775
-5.6188439952316 -0.735002397549734
-5.59184790639817 -0.777816755200877
-5.55854224234807 -0.815931569597677
-5.51979030568921 -0.848495110870528
-5.47653216518495 -0.874779341258841
-5.4297386723216 -0.894069859844886
-5.38044615373046 -0.905532996582036
-5.32992684976943 -0.908402836767731
-5.27973158702619 -0.902076481817452
-5.23169795032086 -0.886221140097591
-5.18791202403047 -0.8609152166118
-5.15058773143542 -0.826804628552498
-5.12183673129691 -0.785219728723266
-5.10335257432711 -0.738166666815226
-5.09611502563257 -0.688131378253643
-5.10032863460359 -0.637749797350087
-5.11618135908343 -0.589759452355544
-5.14352064538492 -0.547272697605159
-5.18113014153291 -0.513560023477652
-5.22654921740769 -0.491483445227284
-5.27630462212382 -0.482821405753455
-5.32656743961722 -0.487880624313555
-5.37388018210071 -0.505635226793634
-5.41558169065676 -0.534209627124115
-5.44987776279779 -0.571369657436381
-5.47571542056188 -0.614853023958253
-5.49260757936916 -0.662540366674736
-5.50047728300678 -0.71252354997144
-5.49953898141025 -0.763120192532652
-5.49021370673386 -0.812864065723516
-5.47307009065765 -0.86048669616532
-5.44872176387372 -0.904860192503825
-5.41763682064826 -0.944800277257535
-5.38040175710893 -0.979072271353484
-5.33783544629037 -1.00643168608403
-5.29103553821635 -1.02565263011315
-5.24143491662343 -1.03557721986261
-5.19086451178504 -1.03519952785485
-5.14160867701825 -1.02380361619336
-5.09641723540166 -1.00117733356715
-5.05840055645201 -0.967905516825887
-5.03070133844879 -0.925676088250955
-5.01589331211143 -0.877402258879327
-5.01529552932865 -0.826909322951812
-5.02862994160322 -0.778191689150252
-5.05426269069065 -0.734648153580804
-5.08979013134009 -0.698692873990931
-5.13258987988439 -0.671772170604569
-5.18027183172871 -0.654952896592527
-5.2304954475958 -0.649112611663011
-5.28078622638956 -0.654390170365758
-5.32882842161855 -0.670193713351224
-5.37269252788724 -0.69538615682339
-5.41092794164104 -0.72851740012101
-5.44254850052059 -0.768021729451574
-5.4669636887499 -0.81235080060304
-5.48389623906665 -0.860048411329882
-5.49327430001217 -0.909789579960864
-5.49498876209629 -0.960378156747933
-5.48898791143948 -1.01063839565871
-5.47536092195623 -1.05938582437014
-5.45434355413437 -1.10543062460582
-5.42632797407272 -1.14758227536908
-5.3918774883416 -1.18465655600764
-5.35174697592578 -1.21548658335634
-5.30690995054256 -1.23894044689157
-5.25859310879475 -1.25394948670362
-5.20831849481967 -1.25955365940716
-5.1579510424621 -1.25497414147151
-5.10974299844657 -1.23972836875758
-5.06635209923533 -1.21380720838318
-5.03078082625157 -1.17792929065982
-5.0061401237504 -1.13384910251465
-4.99512645013212 -1.08458506206412
-4.99924586566079 -1.03428219668496
-5.01817822745143 -0.98748965531461
-5.04981546707358 -0.948133609669362
-5.09097114212041 -0.918836433043671
-5.13820475475806 -0.900856130412698
-5.18834842264109 -0.894393796054263
-5.2387151295639 -0.898955833043051
-5.28712285711517 -0.913634162193987
-5.3318444671808 -0.937290557830368
-5.37153950135248 -0.968669493169383
-5.40519017401664 -1.00646494721694
-5.43204817336558 -1.04935925022177
-5.45159280670895 -1.09604535847703
-5.46349909411474 -1.14523944332108
-5.46761407841896 -1.1956879250018
-5.46393982267774 -1.24617146404244
-5.45262190355731 -1.2955074942633
-5.43394254091516 -1.34255236795788
-5.40831779109685 -1.38620392830898
-5.37629847057053 -1.42540524462701
-5.33857467193337 -1.45915030781327
-5.29598388575317 -1.48649268679674
-5.24952283291252 -1.50655852317003
-5.20036309269857 -1.51856585731831
-5.14987035956219 -1.52185324292581
-5.09962640181189 -1.51592206573763
-5.05145093478897 -1.50049907518682
-5.00741642475438 -1.47562826587355
-4.96983994015785 -1.44180329245483
-4.94121890834546 -1.40014867376385
-4.92405015653681 -1.35263753241933
-4.92044938882632 -1.30227077870835
-4.93153975393642 -1.25302693644552
-4.9568090767196 -1.20933700929089
-4.99392105281554 -1.17511754144502
-5.03927570983361 -1.15290902500326
-5.08894329820451 -1.14365118273268
-5.13937539173255 -1.1470145522529
-5.18770103529049 -1.16188420965128
-5.23174425936036 -1.18674515281393
-5.26992940842758 -1.21992426120508
-5.30116598287903 -1.25972472095432
-5.32474726782336 -1.30449496199543
-5.34027041652715 -1.35266120741943
-5.34757631934716 -1.40274081412049
-5.34670535315482 -1.45334594554895
-5.33786526793977 -1.50318276484625
-5.32140823075431 -1.55104897180487
-5.2978148189653 -1.59583125547268
-5.2676833807547 -1.63650359409238
-5.23172364981108 -1.67212703540426
-5.19075383858882 -1.70185149398222
-5.14570066629531 -1.72492014207146
-5.09760191794904 -1.7406771230618
-5.04761117461916 -1.74857958744061
-4.99700426830153 -1.74821546740688
-4.94718671347048 -1.7393290146425
-4.89970067330763 -1.72185698069232
-4.85622857609695 -1.69597944318511
-4.81858761971173 -1.66219052653973
-4.78870384787122 -1.62139490663662
-4.76854435583124 -1.57503361808141
-4.75997007023703 -1.52523072947244
-4.7644548101154 -1.47491685330856
-4.78263000749068 -1.4278105839462
-4.81373399977386 -1.38805824068322
-4.85529666810279 -1.35942329950132
-4.90347480538074 -1.34434084888627
-4.95397202400403 -1.34346894268697
-5.00293249972937 -1.35595521978043
-5.04737562971962 -1.38003648466568
-5.08522685874494 -1.41356366491511
-5.11516991862822 -1.4543255266851
-5.13646989196889 -1.50021080777771
-5.1488235771296 -1.5492753865652
-5.15224713178592 -1.59976146282025
-5.1469956357084 -1.65009499429522
-5.13350657733556 -1.69887465366779
-5.11236043108998 -1.74485865317001
-5.08425327349317 -1.78695234608297
-5.04997789582375 -1.82419787726542
-5.01041097249655 -1.85576641599759
-4.96650460073455 -1.88095321079937
-4.91928102803133 -1.89917563834148
-4.86982969956399 -1.90997447522165
-4.81930593122049 -1.9130187596038
-4.76893056144343 -1.9081148180602
-4.71998984387775 -1.89522031716761
-4.67383456193831 -1.87446457333193
-4.63187676557059 -1.84617682698439
-4.59558143891442 -1.81092473146315
-4.56644842446001 -1.76956577409368
-4.54597641067316 -1.72331424394379
-4.53559480549513 -1.67382429384034
-4.53654015342175 -1.6232820908524
-4.54964356656217 -1.57447938639026
-4.57499820543027 -1.53079575547421
-4.61153251366063 -1.49595084398368
-4.65667925043885 -1.47338337557815
-4.70650987727602 -1.4653548605659
-4.75651735856747 -1.47230106290533
-4.80262687255115 -1.49291948160485
-4.84181419411567 -1.52482309118978
-4.87219064116871 -1.56523037500679
-4.89280053494631 -1.61140742513196
-4.9033644924803 -1.66087208710863
-4.90406694184835 -1.71145701944411
-4.89540415123701 -1.76130721972286
-4.87808173531406 -1.80885305854354
-4.85294704589736 -1.85277769141985
-4.82094484924177 -1.89198652649662
-4.78308826653169 -1.92558137694235
-4.74043968951635 -1.95283983300919
-4.6940982267786 -1.97319962213274
-4.64519141668851 -1.98624753033964
-4.59486967713292 -1.99171250010435
-4.5443024006515 -1.98946265662938
-4.49467483885332 -1.97950619035467
-4.4471849996205 -1.96199622023137
-4.40303971703958 -1.93723997731691
-4.36344882599443 -1.90571288184162
-4.32961591903824 -1.86807832959782
-4.30272336276639 -1.82521421287465
-4.2839078981602 -1.77824724870496
-4.27422091958467 -1.72859573332511
-4.27456399286255 -1.67801954942978
-4.2855850751387 -1.62867118134741
-4.30751537101128 -1.58312906953439
-4.33992731801597 -1.54436814277053
-4.38142173911953 -1.51557844001221
-4.42934640663769 -1.49971133595212
-4.47980856583156 -1.49873009830511
-4.52826092076386 -1.51287631911868
-4.5705152518032 -1.54051668793169
-4.60355365222041 -1.57872864583624
-4.62573122634965 -1.62413881563685
-4.63653524964203 -1.67352621144046
-4.63622945469388 -1.72409578846144
-4.62555815461928 -1.77353966602257
-4.60554422607721 -1.82000410996685
-4.57736241531668 -1.86202798246756
-4.54226282992411 -1.89848062993277
-4.50152554801452 -1.92850860767866
-4.45643397199454 -1.95149302571025
-4.4082593271663 -1.96701664926356
-4.35825169874759 -1.97483919859634
-4.30763806359965 -1.97478974282653
-4.25770330993406 -1.96656088252434
-4.2099023827959 -1.94996007550249
-4.1658770784275 -1.92503110570018
-4.12744272929265 -1.89214540612274
-4.09653508357683 -1.85211798358127
-4.07508612369563 -1.80633477745445
-4.06479516800125 -1.75684777398624
-4.066793429478 -1.70635150108724
-4.08129054853383 -1.65794392375427
-4.10739144194557 -1.6146710739586
-4.14323347732104 -1.57903261798491
-4.18640908241395 -1.55273774994304
-4.2345739648336 -1.53743193852049
-4.28502394414227 -1.53468163084373
-4.33444518777677 -1.54514779599002
-4.37937575876487 -1.56824251911018
-4.41682804606031 -1.60216018209198
-4.44474185621637 -1.64429506664506
-4.46208226487147 -1.69178608520318
-4.4686684112433 -1.74192729800208
-4.46491680442992 -1.79237192753806
-4.45161530795528 -1.84118586370818
-4.42976113793953 -1.88682494429362
-4.40045594765014 -1.92808480636538
-4.36484152327759 -1.96404721048834
-4.32403535392002 -1.99399273942022
-4.27902119791919 -2.01713029091698
-4.23085756550009 -2.03267195826478
-4.1807763084292 -2.0399316793528
-4.13020172285786 -2.03835802371036
-4.08077087834446 -2.02758200515436
-4.03435130152567 -2.00748699626171
-3.99304667230847 -1.97830992447083
-3.95917043485754 -1.9407834752592
-3.93514791015241 -1.896321621492
-3.92328164828756 -1.84722006782189
-3.92531010893433 -1.79676666915394
-3.94178814814014 -1.74905180366883
-3.97157863387069 -1.70830080296134
-4.01191103611847 -1.67792539992678
-4.05908774271356 -1.65987614014265
-4.10934773402641 -1.65462835047405
-4.1594202731423 -1.66157789155925
-4.20671104766075 -1.67948695108519
-4.24925358812114 -1.70684211664885
-4.28543044829588 -1.74219465165783
-4.31400954666239 -1.78393670170481
-4.33425980022058 -1.83030254751317
-4.34590740233767 -1.87954591868885
-4.34904307138887 -1.93005739053276
-4.34400822267633 -1.98042021950937
-4.33117884520999 -2.02938309645395
-4.31097560647316 -2.07579329623254
-4.28393948730821 -2.11858572528929
-4.25072494178503 -2.15678195576266
-4.21209538861727 -2.18949095742422
-4.16892185668725 -2.21591211307673
-4.12218432680416 -2.23534115147151
-4.07297540415382 -2.24717984007345
-4.02250594043221 -2.25095061607467
-3.97211204636599 -2.24631783504908
-3.92326247181926 -2.23311803468654
-3.87756433224858 -2.21140259252124
-3.83676313644122 -2.18149736711301
-3.80272909998021 -2.14408500069321
-3.77741424757647 -2.10031518979199
-3.7627518654604 -2.05194239762491
-3.76045199811897 -2.00146934418132
-3.77163839865461 -1.95222119741654
-3.79632611724659 -1.90818724335012
-3.83293148593404 -1.87343852011069
-3.87823780602557 -1.85118489386075
-3.92806437205147 -1.84300380009778
-3.97825191373271 -1.84875725149966
-4.02535143169273 -1.8670804476275
-4.06683668755729 -1.89597608796695
-4.10102386119861 -1.93324169845931
-4.12689875260748 -1.97670608366628
-4.14395051888962 -2.02433811073069
-4.15204060472548 -2.07428636230735
-4.15130701172212 -2.124885618488
-4.14209649816098 -2.17464916361818
-4.12491712307623 -2.22225625211991
-4.10040519292346 -2.26653911219405
-4.06930235239383 -2.30647145328714
-4.03243986542447 -2.34115931763558
-3.99072805259547 -2.36983462926876
-3.94514947214493 -2.39185162587285
-3.89675483567617 -2.40668635744549
-3.84666089334805 -2.41393953217433
-3.79604963721003 -2.41334315896812
-3.74616815877261 -2.40477167532391
-3.69832832973039 -2.38825856917346
-3.6539050795232 -2.36401991768216
-3.61433127268524 -2.33248677307281
-3.58108576899553 -2.29434885989662
-3.555668698516 -2.25061235000455
-3.53955352873155 -2.20267376172385
-3.53409819077566 -2.15240817207
-3.54038736651998 -2.10225789473516
-3.55897065550746 -2.05527788600853
-3.58948056039081 -2.01503732532806
-3.63021365760624 -1.98522064267992
-3.6779573295104 -1.96885191475813
-3.72841591808947 -1.9674305017062
-3.77717131264573 -1.98057847399194
-3.82057446022883 -2.00643231804403
-3.85611408207817 -2.04236782127446
-3.88234116640461 -2.08559264805535
-3.89862386952601 -2.13347340829542
-3.90490543998234 -2.18366667205947
-3.90151911934171 -2.23414665477208
-3.88905984955214 -2.2831888730706
-3.86829877595907 -2.32933943428643
-3.84012704236741 -2.37138291019196
-3.8055189416996 -2.4083137612026
-3.76550772890109 -2.43931279826508
-3.72116971821423 -2.4637287857968
-3.67361380720637 -2.48106482894028
-3.62397453121329 -2.49096912015453
-3.57340734196806 -2.49322971194201
-3.52308514631344 -2.48777313814628
-3.47419530628558 -2.47466688994371
-3.42793632248087 -2.45412595476685
-3.38551329730401 -2.42652384686428
-3.34813096739644 -2.39240879515381
-3.31698252356165 -2.35252598863929
-3.29323145289317 -2.3078469444396
-3.27798199382841 -2.25960696816772
-3.27223112080807 -2.20935083492175
-3.27679085558835 -2.15898406277073
-3.29216419098875 -2.11081985840428
-3.31835353375235 -2.06759485434445
-3.35458809042977 -2.03239330289114
-3.39900492044941 -2.00837355577641
-3.44844481196806 -1.99819072358879
-3.49866762254426 -2.00319767479722
-3.54515378461249 -2.02287919695329
-3.58411502972931 -2.05500915201944
-3.61307996576157 -2.09640540941623
-3.63088500410952 -2.14370996670948
-3.63735782328579 -2.19385578156629
-3.63297550018697 -2.24424117768342
-3.6186062886456 -2.29274377628755
-3.59534028886066 -2.33767159162831
-3.56438509790931 -2.37769959705223
-3.52700327646579 -2.41181069946791
-3.48447539403221 -2.43924670373385
-3.43807840071781 -2.45946967272844
-3.38907307904666 -2.47213243663828
-3.33869678576521 -2.47705671829385
-3.28815914642809 -2.47421752243182
-3.23863920467177 -2.46373273869397
-3.1912829932883 -2.44585720917024
-3.14720072205748 -2.42098077674335
-3.10746283858674 -2.38963005647389
-3.07309414038264 -2.35247386190752
-3.0450648929118 -2.31033236945382
-3.02427750137141 -2.26419019801555
-3.01154661786788 -2.21521356194525
-3.00756951974205 -2.16477138787642
-3.0128820039893 -2.11445946431538
-3.02779275639712 -2.06612465105011
-3.05228630298797 -2.02188152336729
-3.08588256985899 -1.98410391236491
-3.12744492932304 -1.95535467645692
-3.17495288435306 -1.9381875135282
-3.22532685837637 -1.93473502449969
-3.27451407411402 -1.9460670103132
-3.31807394451126 -1.97156183566777
-3.35216735045242 -2.00879397352582
-3.37436142538481 -2.05416028549182
-3.38378179487671 -2.1038013588338
-3.38075989967886 -2.15425844864421
-3.36636843404078 -2.20273146847926
-3.34206134081622 -2.24708517879973
-3.30944889502175 -2.28575757954027
-3.27017180757622 -2.31765180660883
-3.22583555421854 -2.34204138314261
-3.17797844030461 -2.3584953722726
-3.12805772342987 -2.36682183811736
-3.07744500457917 -2.36702606959118
-3.02742604315683 -2.35928016892338
-2.97920231345864 -2.34390128955747
-2.93389277618305 -2.32133650380945
-2.89253493529745 -2.2921528503152
-2.85608452987772 -2.2570315425937
-2.8254132974505 -2.21676563394062
-2.80130419862731 -2.17226065210898
-2.78444333118206 -2.1245378505776
-2.77540747621174 -2.07473976389249
-2.77464577767655 -2.02413766484998
-2.78245340724253 -1.97414021015491
-2.79893414696993 -1.92630183677553
-2.82394760518352 -1.88232794756032
-2.85703542300172 -1.84407085275387
-2.89732012866267 -1.81350445573206
-2.94337292258633 -1.79265473176856
-2.99305990269177 -1.78344576083902
-3.04341532526991 -1.78740402112534
-3.09067054128338 -1.80518229523889
-3.13064492870009 -1.83599919769857
-3.15958639515023 -1.87735049844261
-3.17510235062911 -1.92539363243354
-3.1765562963107 -1.97588066930973
-3.16477244298972 -2.02501802282938
-3.14144896390607 -2.06986629620648
-3.10865872549648 -2.10836031079111
-3.06854330604233 -2.13916659709563
-3.02315844177079 -2.16151577297879
-2.97440831406094 -2.17506084050593
-2.92402515473643 -2.1797703077221
-2.8735697805651 -2.17585120205446
-2.82444059490512 -2.1636946304813
-2.77788499052911 -2.14383757258698
-2.73501030196132 -2.11693620605582
-2.69679300820761 -2.08374744655964
-2.66408560028546 -2.0451164020473
-2.63762081876621 -2.001968146703
-2.61801303801194 -1.95530269073497
-2.60575652111489 -1.90619232102883
-2.60122013231925 -1.85578065253271
-2.6046378815109 -1.80528277376486
-2.61609438053082 -1.75598577637367
-2.63550389715062 -1.70924867375467
-2.66258118700362 -1.66650012083796
-2.69680169027345 -1.62923122329245
-2.73734814754345 -1.59897866407085
-2.7830407299484 -1.57728968776348
-2.83224986323452 -1.56565416299526
-2.88279880343756 -1.56537921118905
-2.93188481443349 -1.57737108711362
-2.97609530914223 -1.60179206141225
-3.01166327541802 -1.63762114912209
-3.03510486596335 -1.68232013717059
-3.04412341772538 -1.73198235891078
-3.03824126877467 -1.78212823240151
-3.01869385540489 -1.82870435975077
-2.98778286771416 -1.8686819133783
-2.94820721637287 -1.90013688991021
-2.90263581102778 -1.92205651486297
-2.85350787421957 -1.93409404046766
-2.80296822413473 -1.93636477584955
-2.75286603872064 -1.92929909405767
-2.70477806470698 -1.91354241594283
-2.66003807412372 -1.88988861454236
-2.61976498193789 -1.85923593950386
-2.5848868937536 -1.82255784660444
-2.55616040898757 -1.780883668962
-2.53418528565327 -1.73528580510134
-2.51941479314494 -1.68687122293821
-2.51216206017043 -1.63677578362924
-2.51260260469351 -1.58616031383068
-2.520773067009 -1.53620758453448
-2.53656597423997 -1.48811943313792
-2.55972014711647 -1.44311320278418
-2.58981420151311 -1.40242304218898
-2.62626860311617 -1.36732368893439
-2.66822699457876 -1.33903961349148
-2.71455856652143 -1.3187103766109
-2.76387354323433 -1.30743616192128
-2.81443485654881 -1.3061820548007
-2.86410012105385 -1.31567008601025
-2.91028336241217 -1.33621393295685
-2.9499798210367 -1.36747164707888
-2.97994562136814 -1.40812389158202
-2.99715583587587 -1.45558246780179
-2.99956200571387 -1.50599734279399
-2.98682859245043 -1.55484149890336
-2.96048502689509 -1.5979184657522
-2.92334953599453 -1.63216511328541
-2.87870941521573 -1.65585793223763
-2.82972997868036 -1.66838739611952
-2.77918161081395 -1.66991774633311
-2.72937278431014 -1.66110088934223
-2.68217615039433 -1.64287876183451
-2.63908426337894 -1.61635775633714
-2.60126740850089 -1.58273177102715
-2.5696239082339 -1.54323578960115
-2.54482077273065 -1.4991180952943
-2.52732843753769 -1.45162278826972
-2.51764139085737 -1.40194858271675
-2.51642653171502 -1.3513599385414
-2.52421634652742 -1.30136794660247
-2.54128717790203 -1.25374928032136
-2.56753080103106 -1.21051492964779
-2.60230793399153 -1.17380676316007
-2.64432824849684 -1.14569237727942
-2.691635421029 -1.12786739970313
-2.74176852904314 -1.12135138403904
-2.79208464991528 -1.12631634736359
-2.84011728499029 -1.14213171594554
-2.88377952702879 -1.16765228294703
-2.92090231185244 -1.20197701617601
-2.94906954532883 -1.24394404806189
-2.96597095926206 -1.29155962666378
-2.9698258641114 -1.34192446783417
-2.95990887685395 -1.39144698178116
-2.93690752611038 -1.43641540208113
-2.90282162182481 -1.47370672354578
-2.86044277153811 -1.50124240620978
-2.81275612668755 -1.51803128571013
-2.76253292602966 -1.5239486616624
-2.71214976434932 -1.51945796191491
-2.66355451925674 -1.50538202894862
-2.61829971201041 -1.48274516938547
-2.57759696931628 -1.45267288880756
-2.54238773842895 -1.41631712982565
-2.51367165483609 -1.37464757983154
-2.49260082287806 -1.32864401119977
-2.4802835573744 -1.27957502401829
-2.47771189764956 -1.22905940475419
-2.48565237473951 -1.17911840780816
-2.50447613640129 -1.13220059971049
-2.53391895714302 -1.09112720067212
-2.57280404688739 -1.05887479184196
-2.61885449194091 -1.03812643352406
-2.66880719075965 -1.0306653940102
-2.7189341297237 -1.03691429149014
-2.76575012723476 -1.0559280869624
-2.80652254419383 -1.0858044097809
-2.83942117352017 -1.12420083398514
-2.86339623963603 -1.16873171000734
-2.87744675280923 -1.21730754274188
-2.88045409759664 -1.26777652897467
-2.87191071513102 -1.31760290129242
-2.85214257558973 -1.36413120004673
-2.82231602272269 -1.40495464019434
-2.7842306727997 -1.4382195357352
-2.74000251939259 -1.4627540002974
-2.69177562090593 -1.47802650206903
-2.64153470198845 -1.48401398359844
-2.59101707541484 -1.48105457815977
-2.54169109754537 -1.4697233085542
-2.49479052748194 -1.45069442862487
-2.4515221450578 -1.42443887942468
-2.41313323051597 -1.39146230469749
-2.38087229909299 -1.35247579828493
-2.35597046443132 -1.30842997331254
-2.33961039350174 -1.26055789034
-2.33287444992586 -1.21042756227288
-2.33665885919936 -1.16000081779122
-2.35153430942079 -1.11168610119978
-2.37752927205109 -1.06835148396034
-2.41382548545768 -1.03322377693153
-2.45842183040919 -1.00955241983062
-2.50797424204953 -0.999948025724525
-2.55813437436122 -1.0055652806218
-2.60444932154761 -1.02566156332767
-2.64331892975772 -1.05791440641135
-2.67244409045374 -1.09920716971081
-2.69074033145788 -1.14633064492907
-2.69802475753856 -1.19637006647769
-2.69470815682002 -1.24684074275012
-2.68156771249201 -1.29569371951811
-2.65959750272408 -1.34127184563274
-2.62988865012835 -1.38223408463181
-2.59356959312388 -1.41747394614564
-2.55189607167296 -1.44619168608138
-2.50615854932305 -1.46786682768615
-2.45759093711715 -1.48211860683974
-2.40740610247429 -1.48871706618344
-2.35680128869793 -1.48758333441412
-2.30695475482764 -1.47878114733585
-2.25902290941836 -1.46251261030474
-2.21413713876241 -1.43911787191068
-2.1733995591193 -1.40907859003777
-2.13787681077899 -1.3730252590466
-2.10859074139725 -1.33174862579421
-2.08650434397254 -1.28621552806706
-2.07250052359453 -1.23758947226908
-2.06735001267196 -1.18725595838143
-2.07166282895597 -1.13685156971579
-2.08581489701915 -1.08829331099713
-2.10983807196523 -1.0437987910755
-2.14325979758941 -1.00587521465155
-2.18488538490073 -0.977231217014994
-2.23255092062749 -0.960531793743878
-2.28296773561294 -0.957907819516655
-2.33190733244052 -0.970252853899963
-2.37492655116636 -0.996654445173773
-2.40838240909457 -1.0344694653156
-2.43009362325671 -1.08007793596359
-2.43934447755749 -1.1297587403132
-2.43649733576875 -1.18023246288018
-2.42256744450559 -1.22884547161253
-2.39891104827156 -1.27355413817346
-2.36703271501185 -1.31283785413875
-2.32847616465694 -1.34560315975253
-2.28476564572071 -1.37110084560838
-2.23737600488471 -1.38886042378433
-2.18771848259561 -1.39864037913839
-2.13713484672535 -1.40039121714334
-2.08689569099055 -1.39422848903097
-2.03820051173194 -1.38041354004104
-1.99217814684664 -1.35934030050383
-1.94988666629435 -1.3315269155266
-1.91231203632997 -1.29761137633574
-1.88036493795691 -1.25835058966529
-1.85487504767862 -1.21462251589991
-1.83658189362552 -1.16743112621818
-1.8261210634262 -1.11791395840335
-1.82400401736597 -1.06735194037708
-1.83058898300878 -1.01718078474311
-1.8460392958553 -0.969002393700236
-1.87026407357029 -0.924592857304474
-1.90283449678265 -0.885899812084547
-1.94286834724273 -0.855014410150019
-1.98887956854513 -0.834089452020833
-2.03860838770591 -0.825154604440969
-2.08889984439739 -0.829764385443851
-2.1357936138152 -0.848457034679605
-2.17504074841568 -0.88019138593266
-2.2030373173186 -0.922192270781317
-2.21767560522893 -0.970517679347294
-2.21855123947504 -1.02102646409542
-2.20656648328617 -1.07012312681589
-2.18336916479539 -1.11504393989728
-2.15091978201963 -1.15383226596742
-2.11123545177877 -1.18519821271517
-2.06626079602141 -1.20836839003884
-2.01781164315702 -1.22296152004271
-1.96755607571246 -1.22889465751412
-1.91701311938721 -1.22631516014324
-1.86755887435857 -1.21555213043363
-1.8204349901414 -1.1970820331596
-1.77675698451721 -1.17150454016973
-1.73752305791759 -1.13952377914083
-1.70374517148181 -1.10183155835694
-1.67658584495604 -1.05913020437896
-1.65719379075305 -1.01239366477488
-1.64660017930165 -0.962922201625281
-1.64559174918203 -0.912345808154962
-1.65456109611891 -0.862566060428601
-1.67337396420254 -0.815616248293672
-1.70131181814661 -0.773453011020368
-1.73713122051872 -0.737737616256928
-1.77925364932895 -0.70972781944074
-1.82614377638872 -0.69077923795166
-1.87600149479027 -0.68238361488514
-1.92642997607408 -0.685772582391021
-1.97440098623139 -0.701625838151043
-2.01639933847433 -0.729675950764329
-2.04887836097415 -0.768335495614152
-2.0690065329011 -0.814641475369481
-2.07534866481122 -0.864744326106559
-2.06803552345575 -0.914733068945618
-2.04839804193674 -0.961302448221927
-2.01842243600518 -1.00201594766356
-1.98031671825369 -1.03526596657739
-1.93625634722646 -1.06011507447803
-1.88826388272453 -1.07612914846796
-1.83816523339311 -1.08324138510511
-1.78758356591652 -1.08165175961979
-1.73794985884803 -1.07175405067362
-1.69059893202558 -1.05389259714525
-1.64700480336944 -1.02820230535404
-1.608790224592 -0.99504769199249
-1.57768288187831 -0.9551617183122
-1.55542950771496 -0.909750624657185
-1.5436329128916 -0.860587952359102
-1.54349447700188 -0.810041342359284
-1.55549524738857 -0.760947733519094
-1.5791392121124 -0.7162822713432
-1.61292827436595 -0.678694307257532
-1.65462782418919 -0.650116049399257
-1.70168573341013 -0.631613193280262
-1.75160293205544 -0.623470537679483
-1.80213273603606 -0.625632518513206
-1.85103280436182 -0.638493213398549
-1.89572477477563 -0.662111570880942
-1.93342229354112 -0.6957686807469
-1.96148790600424 -0.737785087999778
-1.97792402640618 -0.785563795215858
-1.9817830458582 -0.835949653913269
-1.97326380591933 -0.885771958570239
-1.95347901032907 -0.932299494412869
-1.92408440407381 -0.973452444314552
-1.88695363448909 -1.00780506738499
-1.8439659180043 -1.03448546386032
-1.79689303934522 -1.05305259097902
-1.74735072900665 -1.06338721751907
-1.69678493083186 -1.06547018773549
-1.64659787465128 -1.05899398812491
-1.59835667625733 -1.04373742517976
-1.55382841754788 -1.01973084526396
-1.51497539117577 -0.987351894495425
-1.48391494614291 -0.947454484188158
-1.46280803855516 -0.901526469849308
-1.45362441076862 -0.851840330745907
-1.45774399678517 -0.80149758749604
-1.4754531346951 -0.754203794599717
-1.50558771158181 -0.713679145487355
-1.54564201647655 -0.682904556987685
-1.59235091525142 -0.663632690563832
-1.64237424265818 -0.656378504046416
-1.69275030494901 -0.660722405120848
-1.74106907196617 -0.675665694727891
-1.78541937083292 -0.699988408439688
-1.82389391235856 -0.732813585723908
-1.85458560527726 -0.773003701080698
-1.87592504447686 -0.818847448242181
-1.88691756983646 -0.868207258884828
-1.88726473841002 -0.918780612043256
-1.87732567008782 -0.96837671580972
-1.85796026950958 -1.01511414403562
-1.8303370855302 -1.05750735999869
-1.79576802082303 -1.09446602062865
-1.75559241249977 -1.12524786271926
-1.71108143820224 -1.14934473902386
-1.66333666806584 -1.16614055018301
-1.61351292660264 -1.17502618121684
-1.56290937273796 -1.1755194802288
-1.51298113644464 -1.16729631821775
-1.46535039466744 -1.15023470528228
-1.42181310207522 -1.12447746887556
-1.38433320479275 -1.09052035295307
-1.35500784733227 -1.04933251845849
-1.33597231898012 -1.00251068022655
-1.32919269769212 -0.952445261985092
-1.33608423527798 -0.902417801738851
-1.3569548440537 -0.856452924318886
-1.3904854002427 -0.818726585528508
-1.43368911712922 -0.79261658624252
-1.48257224990545 -0.779944222143084
-1.53308490806135 -0.780886131722451
-1.58178273726357 -0.794416676176668
-1.62604798277256 -0.818848954182897
-1.6640394365291 -0.852231973092342
-1.69455024344515 -0.892580224489881
-1.71686377476339 -0.937987946274749
-1.73063619218535 -0.986678246576629
-1.73580832484616 -1.03701901663024
-1.7325417673128 -1.08752322064878
-1.72117321119931 -1.13684266022758
-1.7021820573586 -1.18375977394353
-1.67616763554271 -1.22717971927293
-1.64383342095203 -1.26612384253106
-1.60597641978469 -1.29972510825161
-1.56348044315365 -1.32722584359546
-1.5173123574181 -1.34797811351096
-1.46852063203652 -1.36144711244088
-1.418235626508 -1.36721811371176
-1.36767106616747 -1.36500775788325
-1.31812602376826 -1.35468080126978
-1.27098637672351 -1.33627390881771
-1.22772399955368 -1.31002867815608
-1.18989059397602 -1.27643679126693
-1.15910053913976 -1.23630080310654
-1.13699259072664 -1.19081388945876
-1.12515246838281 -1.14165886945169
-1.12496678298691 -1.09111592489439
-1.13736799691771 -1.04213934711788
-1.16244316769443 -0.99830486550794
-1.19897247911425 -0.963463058909429
-1.24416916885888 -0.940994596027479
-1.29399896066091 -0.932914302107374
-1.34407766579532 -0.939416889792936
-1.39058500055487 -0.959152526424158
-1.43071124153823 -0.98988442149312
-1.46265928392906 -1.02907216444854
-1.48544987892533 -1.0742204965216
-1.49870434021203 -1.12303868020727
-1.50246852200411 -1.17349251732667
-1.49708578532466 -1.22380607311049
-1.48310946687299 -1.2724435976234
-1.46124358627042 -1.31808601072613
-1.43230286419837 -1.35960813603814
-1.39718577022878 -1.39605906021349
-1.35685636430995 -1.42664633081072
-1.31233210367505 -1.45072404569381
-1.26467570997845 -1.46778468393047
-1.21498977818065 -1.47745453225943
-1.16441316464205 -1.47949266180253
-1.11411838127137 -1.4737935617609
-1.06530927576243 -1.46039372614324
-1.01921819523325 -1.43948271587685
-0.977101579409831 -1.41141948515337
-0.940232432882698 -1.37675506178064
-0.90988723873769 -1.33626296624628
-0.887323345985895 -1.29097890626344
-0.87374028612158 -1.24225090892463
-0.870214302095831 -1.19179916785237
-0.877589246203639 -1.14177915150373
-0.896300308507928 -1.09482700339715
-0.92610799108841 -1.0540351018313
-0.96575413328587 -1.02275585313645
-1.01266363767314 -1.00410571156608
-1.06298386158165 -1.0001756437964
-1.11221890792093 -1.0113209633914
-1.15623249707664 -1.03607937783296
-1.19198994515049 -1.0717703874233
-1.21772413831457 -1.11527130436398
-1.23271871542852 -1.1635572292055
-1.23699751267492 -1.2139505206353
-1.23106411600718 -1.26418693573019
-1.21571965866235 -1.3123980503758
-1.19194465773201 -1.35706549982319
-1.16082475072559 -1.39697164771482
-1.12350457081051 -1.43115575194151
-1.08115920641796 -1.45887801664038
-1.03497655372806 -1.47959138842051
-0.986146379129102 -1.49292018031684
-0.935853455499843 -1.49864452089134
-0.885273064861063 -1.49668978193336
-0.835573472967261 -1.48709661016165
-0.787994547147953 -1.46983985106268
-0.743920954067443 -1.44497171830712
-0.704869983040629 -1.41279779190378
-0.672453371897046 -1.37395944580305
-0.648294146467715 -1.32952285254952
-0.633878365770897 -1.28105135988739
-0.630336088160781 -1.23061405262492
-0.638188941609749 -1.18067097752276
-0.657161190583128 -1.13380924296634
-0.686169236726063 -1.09239754067478
-0.723786555978568 -1.05863022213307
-0.768428718779045 -1.03495367094043
-0.817645929792579 -1.02357605980793
-0.868095174204328 -1.02591673107679
-0.915938662549482 -1.04208534148103
-0.957561320717057 -1.07070132794607
-0.990237725019191 -1.10923929472396
-1.01239990565116 -1.15466580723507
-1.02351571644615 -1.20398974315678
-1.02380387856386 -1.25456397318039
-1.01396086537817 -1.30418357083999
-0.994960093542303 -1.35107576135358
-0.967921028470112 -1.39384866342327
-0.934028853966672 -1.43143224606548
-0.894486805965131 -1.46302471892616
-0.85048742847256 -1.48804576477325
-0.803144740359444 -1.50594775696603
-0.75355612719572 -1.51606662213063
-0.702981093547785 -1.517825276146
-0.652872956082718 -1.51079158534253
-0.604897246272764 -1.49473446571583
-0.560942748669904 -1.46970469334291
-0.523111418496965 -1.43614869819239
-0.493660043774416 -1.3950601513834
-0.474846943274388 -1.34815698279086
-0.46862404096002 -1.29802466879448
-0.476154802914517 -1.24808706124747
-0.497296102490789 -1.20222931836319
-0.530380388929452 -1.16407308933342
-0.572547249432833 -1.136253765043
-0.620435602267621 -1.1201128175044
-0.670808498572672 -1.11584555048717
-0.720874505815889 -1.12292261986364
-0.768145357993528 -1.14086485737973
-0.810289516006893 -1.168802700275
-0.845385663038252 -1.20521022028601
-0.872110018067052 -1.2481508091157
-0.889763878861279 -1.29555698958014
-0.89818418458073 -1.34544675406502
-0.897608896549395 -1.39604667432121
-0.888548314645212 -1.44583894631557
-0.871683354096133 -1.4935622238463
-0.847744943814974 -1.53816220841266
-0.81735216198573 -1.57864039540966
-0.781186611995814 -1.61405516775231
-0.740045834537772 -1.64354219910797
-0.694846125281468 -1.66632097324871
-0.646627970499985 -1.6817049798506
-0.596563853159772 -1.68911688934577
-0.545968011962378 -1.68811057099877
-0.496307268774946 -1.6784026397816
-0.449210992819769 -1.65991736648954
-0.40647607709649 -1.63285024600963
-0.370058383166688 -1.59775691732465
-0.342033611146269 -1.55567393719318
-0.324495693499892 -1.50827143864442
-0.319340569284369 -1.45801343567007
-0.327875980451006 -1.40824068117293
-0.350265785647181 -1.36299665687297
-0.385034694127208 -1.32640806561494
-0.429074522795181 -1.3017328915807
-0.478340783773006 -1.29063848233092
-0.528800245079723 -1.29315986597
-0.577064729571172 -1.30816580769892
-0.620586589796692 -1.33390029914701
-0.657594522976482 -1.36837120406693
-0.686945760616817 -1.40957118116422
-0.707980540955924 -1.45558559974838
-0.720404938149812 -1.50463747409324
-0.724203515913116 -1.55510069854676
-0.719576260827622 -1.6054986324326
-0.706893653605514 -1.65449677310267
-0.686664886945246 -1.70089385431905
-0.659515559248863 -1.7436134804048
-0.626172247204424 -1.78169731802735
-0.587452143079318 -1.81430036506072
-0.544256486049385 -1.84068861947887
-0.497566880394369 -1.86023944317037
-0.448443820543397 -1.87244499274079
-0.398026856604397 -1.87691924855992
-0.347535833876612 -1.87340941452326
-0.298272496166558 -1.8618127987728
-0.251621380941274 -1.84220074148298
-0.209048203787294 -1.81485174248763
-0.17209254551423 -1.78029661824322
-0.142349103232331 -1.73937906446973
-0.121427189097224 -1.69333468358642
-0.110870405881828 -1.64388828203201
-0.112007087343219 -1.59335792519803
-0.125692171930967 -1.54472461483496
-0.151916265233888 -1.50156776372581
-0.189353742184664 -1.46770357601332
-0.235126026797849 -1.44643158305478
-0.285149616297139 -1.43965041169382
-0.335045729961507 -1.44743427010947
-0.381041270864361 -1.46833604543304
-0.420393077371431 -1.50005415933572
-0.451373355674338 -1.54001176362604
-0.473066861596488 -1.58569764486216
-0.48515099670618 -1.63481881592789
-0.487719655371717 -1.68534778846359
-0.481156939944713 -1.7355212091665
-0.466050568366582 -1.78381981608138
-0.443133453921738 -1.82894367456786
-0.41324445363355 -1.86978861263761
-0.377301995727168 -1.90542606599086
-0.336286363529237 -1.93508694305667
-0.291227825049241 -1.95814949827381
-0.243198718227006 -1.97413102180457
-0.193308184250284 -1.98268317149503
-0.142698592547422 -1.98359088107274
-0.0925428857052948 -1.97677493414267
-0.044042121035201 -1.96229848311401
0.0015776019541561 -1.94037801554296
0.0430698947591908 -1.91139952997778
0.079176080938388 -1.87594097180582
0.108638900845793 -1.83480225352603
0.130225899788473 -1.78904430196929
0.142769031764819 -1.74003814778349
0.145231114312417 -1.68952311337545
0.136815732984068 -1.63966734173723
0.117143545446009 -1.59310937740217
0.0865163946545367 -1.55292863240247
0.0462556645010782 -1.5224438287355
-0.0010099480590661 -1.50471446488453
-0.051396893722637 -1.50175582086651
-0.100409743038319 -1.51384136130402
-0.14394253679778 -1.53943570947674
-0.179010771116441 -1.57580405094969
-0.203905477646373 -1.61979069746839
-0.217967549078822 -1.6683563239001
-0.22127245716373 -1.71882279986939
-0.214368096495819 -1.7689349713543
-0.198092496214338 -1.81683974734472
-0.17345625374124 -1.86103801979239
-0.141569060776924 -1.90033378628672
-0.103594342946748 -1.93378930371013
-0.0607213786351 -1.96068847972384
-0.0141481865012269 -1.98050823441115
0.0349289960859657 -1.99289683181235
0.0853222671490233 -1.99765812300498
0.135856340864587 -1.99474081605769
0.185371710244252 -1.98423212101711
0.232727558096802 -1.96635534943528
0.276805166832586 -1.94147126140827
0.316512601218058 -1.9100831474426
0.350791600324192 -1.87284580763766
0.378627946197841 -1.83057873712506
0.399067144761739 -1.78428390965627
0.41123817526235 -1.73516847837313
0.414389514351389 -1.68467226358751
0.407943839695765 -1.63449856969783
0.391580887858188 -1.58664356858573
0.365361323064829 -1.54341195462429
0.329905053655198 -1.50739087177985
0.286624837110127 -1.48132618902588
0.23796616021676 -1.46781279562485
0.187492911717874 -1.46872819042942
0.139554121929534 -1.48452277000092
0.0984330529793235 -1.51380341209838
0.067389300864122 -1.55363340526834
0.0481967549464305 -1.60036723438405
0.0412838272209455 -1.65043473275403
0.0461416663160001 -1.70076106995854
0.0617093155066446 -1.74887985778027
0.0866417332086029 -1.79289417714368
0.119472452654091 -1.83138957350993
0.158705586740298 -1.86334554759632
0.20286554147081 -1.88806076487704
0.250522682208849 -1.90509433401335
0.300305727646872 -1.91422127288402
0.350907049216301 -1.91539941778772
0.401084409006583 -1.90874528625329
0.449661192680164 -1.89451692739585
0.495526388884987 -1.87310230180452
0.537635149040062 -1.84501215096898
0.575010576771668 -1.81087663974946
0.606747366440986 -1.77144529767813
0.632018002856286 -1.72758995746116
0.65008244831907 -1.68031049235348
0.660302603121844 -1.63074316821448
0.662163380950621 -1.58017129423119
0.655303064595128 -1.53003745082772
0.639556781568153 -1.48195562629947
0.615018482988011 -1.4377195617845
0.58212843388481 -1.3992994301816
0.541793594343805 -1.3688107882038
0.495543086407348 -1.34842503631602
0.445699172253993 -1.34016941764364
0.395486382129325 -1.34555268041878
0.348904652573128 -1.3650089169273
0.310161827392247 -1.39735993594582
0.282730756048289 -1.43973700422357
0.268565598263746 -1.48820826603935
0.267974895026739 -1.53872585631477
0.280039555937012 -1.58780703236903
0.303148788712634 -1.63277682059714
0.335401867142898 -1.67173182521237
0.374844194045103 -1.70340478115824
0.419587000553368 -1.7270230624983
0.467860397337282 -1.74219193296752
0.518031980627769 -1.7488062971495
0.568608939544288 -1.74698638661289
0.618233042670425 -1.7370316209109
0.665673256974305 -1.71938778234996
0.709818372442421 -1.69462386475689
0.749670819686707 -1.66341599504044
0.784342304255406 -1.62653660057894
0.813051646406448 -1.58484754134249
0.835125162483417 -1.53929629646916
0.849999985401066 -1.49091453244423
0.857230871054533 -1.44081850700624
0.856501273640748 -1.39021078049504
0.847639811133991 -1.34038258735407
0.830643707228005 -1.29271589437472
0.805711408637421 -1.24868349426914
0.773287313772794 -1.20984417606441
0.734122229083026 -1.17782756901769
0.689353139720482 -1.15429880442236
0.640603227168853 -1.14088544175142
0.590092905660345 -1.13903741772645
0.540724808425294 -1.1497791204934
0.496047898313327 -1.17332267247993
0.459936695312508 -1.20859868604297
0.435868268096518 -1.25296426336016
0.426016777557469 -1.30247397533025
0.430752268237057 -1.35274987356975
0.448868437862477 -1.39991082664317
0.478222612127023 -1.44105482659371
0.51632556775858 -1.47428832998347
0.560703408701631 -1.498544193159
0.609067857608635 -1.51336791099347
0.659375520838222 -1.51874123037854
0.709834043327194 -1.51495356836265
0.758886669848574 -1.5025128196865
0.805190295301182 -1.48208462748438
0.847593625323339 -1.45445125305892
0.885118077602759 -1.42048373925796
0.916942284214361 -1.38112308796561
0.942390333575574 -1.33736758343802
0.960923652328286 -1.29026432577014
0.972136410968018 -1.24090363578363
0.975754425462957 -1.19041535839457
0.971637672011401 -1.13996629055469
0.959786717613032 -1.09075802344199
0.940353594587261 -1.04402441838068
0.913657916566443 -1.00102770140891
0.880209343694168 -0.963051688278803
0.84073782160117 -0.93138979861959
0.796233219009841 -0.907324037338258
0.747995718071233 -0.892088609860083
0.697696647331796 -0.886807731740978
0.647444167799964 -0.892391050516452
0.599834546124273 -0.909363016055591
0.557939742041415 -0.937601939288671
0.525132236838615 -0.975994779770572
0.504615640992861 -1.02211957066477
0.4986465979528 -1.07223905652783
0.507792075725638 -1.12188389562683
0.530781051580349 -1.16684585251176
0.565057351618183 -1.20396007601259
0.607553740001283 -1.23131944620023
0.65525301911551 -1.24808444123068
0.705458376005784 -1.25417954067836
0.755873071010264 -1.25003080360149
0.804590284223198 -1.23637944440968
0.85005111251909 -1.21415971421479
0.890997040588974 -1.18442154031862
0.926426912876305 -1.14828212342989
0.955561291920279 -1.10689576079976
0.977814311939311 -1.06143503605245
0.992772237389417 -1.0130790658068
1.00015610744185 -0.963004009371103
0.999570450557285 -0.912396200690545
0.99059874495246 -0.862593120273186
0.973036476068946 -0.815141485835608
0.946990458911284 -0.771772340490002
0.912987749087895 -0.73432531431986
0.872069186090796 -0.704602716555203
0.825817816799383 -0.684154676050877
0.776270215104709 -0.674042135707758
0.725701993338158 -0.674666866374491
0.676352143458473 -0.685745511342045
0.630321103178742 -0.706691714362939
0.589945248258161 -0.73712053581157
0.557791105107139 -0.776114104535852
0.536417801199566 -0.821893229083623
0.527956626700139 -0.871686553223131
0.533535431111017 -0.921876638812073
0.552818978948843 -0.968552520301729
0.584018475368693 -1.00828144619493
0.624397165854081 -1.03866471577639
0.670916479587635 -1.05844720196399
0.720699903097402 -1.06731297787266
0.771250504789004 -1.0655967054812
0.820502710564908 -1.05403887512015
0.866795662809419 -1.03361438621338
0.908820477616825 -1.00542272185426
0.945565385248977 -0.970620628279826
0.976244102046727 -0.930365874612296
0.999958170571772 -0.885658269396644
1.01568071791313 -0.837561856883793
1.02245819921846 -0.787425016793953
1.01948931963469 -0.736929452317908
1.00624290314755 -0.688124589079724
0.982630370249216 -0.643421049172609
0.949228216392664 -0.605490085821144
0.907496184506799 -0.577001613006414
0.859857822246728 -0.560179121574306
0.809484818235992 -0.556298020676133
0.759779807527026 -0.565397925858817
0.713799131517892 -0.586387186713452
0.673892456859183 -0.617431133736565
0.641628245301315 -0.656375458882964
0.618240282155646 -0.701210983887973
0.605262420052866 -0.75007487757704
0.603856998853697 -0.800604447089051
0.614430164582818 -0.850031076348782
0.636441958689253 -0.895533163939834
0.668459174310782 -0.934655755896017
0.70844008216906 -0.965611461443346
0.754098767592434 -0.987363684976645
0.803198611978237 -0.999536021873691
0.853721355560053 -1.00225002144825
0.903933244377758 -0.995966477261854
0.952389904715645 -0.98136056791911
0.997904488783491 -0.959218948298946
1.03934603659787 -0.93016406898275
1.07550777244764 -0.894758694015234
1.10518049198816 -0.853767755956941
1.12717704954356 -0.808201790453701
1.140368485072 -0.759362312909501
1.14374413499048 -0.708895579593052
1.13651027140991 -0.658849074619997
1.11824747627678 -0.611712936926332
1.08914669604034 -0.570402796883004
1.05031765408248 -0.538098616457875
1.00407468685013 -0.517825978395559
0.953958519222902 -0.511758298045691
0.904238186626042 -0.520518925392685
0.859007780916087 -0.542983111856196
0.821416934721989 -0.576738814757119
0.793410909936855 -0.618813083925806
0.775878697414395 -0.666236480511099
0.768938788754855 -0.716332688213012
0.772199133777028 -0.766813305941815
0.785002487276595 -0.815757858460701
0.806740555207518 -0.861442270328559
0.836533298318773 -0.90233633341276
0.873181336806441 -0.937226498842784
0.915308548323433 -0.96526654394219
0.961493618981868 -0.985965344322399
1.01036674388625 -0.999134887541751
1.06067528884461 -1.00472557651063
1.11125267956821 -1.00268109812289
1.1609495644655 -0.993064994952069
1.20863133821578 -0.97607540318969
1.25318150148479 -0.952046737072689
1.29350621375524 -0.921455060540227
1.32854095915771 -0.884927341577616
1.35726057362302 -0.843254933381262
1.3786944449625 -0.797411717541742
1.39194961266851 -0.748577288150603
1.39624593955963 -0.698165136424647
1.39096972877663 -0.64785451975263
1.37575525491394 -0.599621483459845
1.35060715058459 -0.555757120387817
1.31607743522953 -0.518845676084086
1.27349907237441 -0.491647420593503
1.22522962375003 -0.476798553389704
1.17474922559259 -0.476255588756892
1.12635158735333 -0.490589184179077
1.08432053624554 -0.518550884996177
1.05198004847272 -0.557337073644061
1.03121139825731 -0.603393200450089
1.02256257369775 -0.653190941969335
1.02563527455497 -0.703658311737426
1.03946157540162 -0.752306547818387
1.06277105849643 -0.797201933571873
1.09415557267166 -0.83688571137704
1.13216397501993 -0.870289613887945
1.17535433279738 -0.896663311734436
1.22232159855739 -0.915516874174834
1.27171154001367 -0.926576814415781
1.32222717461776 -0.929753236838073
1.3726313180309 -0.925115745225036
1.42174736429885 -0.91287623027345
1.4684595922613 -0.893377126677939
1.51171385764892 -0.867084128309322
1.55051932948976 -0.834582663400216
1.58395188352714 -0.796577670315254
1.61115984036509 -0.753896389005957
1.63137292873417 -0.707493995155643
1.64391568644811 -0.65846193716291
1.64822702982815 -0.608038741897853
1.64388849804456 -0.557622722492472
1.6306647980453 -0.508785215170592
1.60856178488319 -0.463281211506429
1.57790872041973 -0.423050590919562
1.53947252176462 -0.390195876429429
1.49460821217014 -0.366909036446225
1.44543245622241 -0.355299325406202
1.39495759292865 -0.357057673905068
1.34703160160406 -0.372929850144342
1.30587137805221 -0.402147129690348
1.27517581855008 -0.442222446894328
1.25727123421818 -0.489438322016458
1.25284225686307 -0.539762279169593
1.26125811819723 -0.589596471397712
1.28109512097354 -0.63610033633983
1.31056153021591 -0.67720175844366
1.34776010580583 -0.711480343237105
1.390827153498 -0.738030024663346
1.4379977990734 -0.756340830515788
1.48763190236638 -0.766207645358407
1.53822044593936 -0.767662914354443
1.58838299797004 -0.760927968213551
1.6368617249211 -0.746378160885893
1.68251474040236 -0.724518114926747
1.72431020905182 -0.695964387436242
1.7613219544632 -0.661433654612372
1.79272702063984 -0.621735077852526
1.81780554124248 -0.577765905371381
1.83594330003527 -0.530509621680608
1.84663748612268 -0.481036108544542
1.84950635279156 -0.430503331504307
1.84430379084189 -0.380159997718673
1.83094024997964 -0.331348389463148
1.8095120115571 -0.285506047818453
1.78034153487375 -0.244163938416649
1.74403236548676 -0.20893675689943
1.70154247745788 -0.181497386075837
1.65427857990163 -0.163521048088544
1.60420724689163 -0.156574243875056
1.55395854963799 -0.161910616365755
1.50685127489151 -0.18013385542717
1.4666968763928 -0.21074003323175
1.43722346017792 -0.251718139208454
1.42118973101077 -0.299582422792024
1.4196810511596 -0.350053138903312
1.43207840965156 -0.399022889786408
1.4565913374777 -0.443216099415695
1.49088421169694 -0.480362111289916
1.53251364930105 -0.509073740337022
1.57915743328448 -0.528642459718249
1.62870822800306 -0.538852095442318
1.67929753177753 -0.539837155445948
1.72928871402395 -0.531982442606835
1.77725873990483 -0.515853876440864
1.82197761874677 -0.492151266864236
1.86238942309424 -0.461676142543568
1.89759633218835 -0.425309853601708
1.9268461172392 -0.38399871614217
1.9495230882718 -0.338744015371238
1.965142422642 -0.290595369780577
1.9733478368254 -0.240646391920992
1.97391267729307 -0.19003183576478
1.96674466717758 -0.139925537679134
1.95189474755339 -0.0915384503824993
1.92957069912867 -0.0461159211247769
1.90015652515571 -0.0049330249844597
1.86423890645951 0.0307138735812189
1.82264233882972 0.0595222834373671
1.77647462199901 0.0802103630335934
1.72718361387998 0.091563445880143
1.67662314916109 0.0925135979312861
1.62711742372951 0.0822725462837776
1.58149247909953 0.0605439996782237
1.54300288282591 0.0278314512579102
1.51503102136377 -0.0142042163569347
1.50045629836466 -0.0625320572501508
1.50083371029765 -0.113007697241733
1.51588630481994 -0.161201754327202
1.54371929845335 -0.203352363569069
1.58153080233095 -0.236876359165646
1.62629710651999 -0.260360588555626
1.6751811417316 -0.273302118493632
1.7256987367256 -0.275825225070234
1.77575017298108 -0.268461203136923
1.8235946059131 -0.251997689287594
1.86780709947416 -0.227380946289145
1.90723522148405 -0.195653820827967
1.94096123930579 -0.15791661884932
1.96827135034917 -0.115302458529136
1.98863166021512 -0.068961723068318
2.00167011852827 -0.0200522075423455
2.00716360052737 0.0302672262801251
2.00502947144729 0.0808409375866259
1.99532116786742 0.130519760288118
1.97822753182712 0.178164024792173
1.95407582786398 0.222647078350764
1.92333855932728 0.262860094578859
1.88664437689209 0.297719165091586
1.84479352624185 0.326176054010421
1.79877837032566 0.347234653893043
1.74980943097494 0.359976250714314
1.69934685173824 0.363598396848263
1.64913556073942 0.357474757966364
1.60123833149481 0.341246832843581
1.55805161513805 0.314962055299456
1.52226984524525 0.279272068254329
1.49673164301998 0.235686114555411
1.48405171700672 0.186809051796581
1.48599061758089 0.136367036615958
